1.1374894248260734 1.045048509099263 0.0
0.8215962659117313 0.7503660558555596 0.0
-0.045975339998834824 -0.6436146053462599 1.0
-0.8886102194259496 0.5626680974595697 0.0
0.22797353524983202 -0.21397577129830025 1.0
0.5136765537094138 0.12004273741295851 1.0
-0.5649215092182311 0.24187142129046646 1.0
-0.22910485531484534 -0.06041857199771944 1.0
-0.41206179708190005 -0.41428994870883623 1.0
-0.8447267731971216 0.2808657225808223 0.0
0.09192316505392994 -0.3980639165846767 0.0
-0.33374733105919957 1.1431338374894804 0.0
-0.5901475700143103 -0.7218174549146901 1.0
0.78646685545249 0.37517593581541503 0.0
0.7725803595067917 -0.41590973192456554 0.0
-0.34692432335722706 0.18203239290277776 1.0
0.14529519169184574 0.7799149727687229 0.0
0.5290504592399202 0.3461860104882225 1.0
0.37785573109041815 -0.6077674098025005 1.0
-0.6567768816592926 -0.053452225069675785 0.0
0.10310075186648199 -0.2534524262127871 1.0
0.050358376686852446 -0.3051924179676382 1.0
0.4276979098023473 -0.0730307794369817 1.0
0.34345515993914677 -0.059451304477852934 1.0
0.9025888149880167 0.6143310252564645 0.0
0.6763802692550016 -0.22374946325714087 1.0
-0.498110554490641 -0.4579155638053929 1.0
-0.006852287743869853 0.2780685898056406 1.0
0.060613456368408994 -0.615444020683927 1.0
0.9058013188769839 0.26123431442338096 1.0
-0.701061101928438 -0.14122609814549153 1.0
-0.8245265035729932 0.24951894308076267 0.0
0.33061583630305347 -0.25288929465228555 1.0
-0.17558107891971278 -0.40474051452461407 1.0
-0.08916538580852096 0.8818907086009736 0.0
-0.13638078828112019 0.7892507561591433 1.0
-0.4604874843445582 -0.4216073237206576 1.0
0.8731172771477462 0.4652769854045541 0.0
1.2080042142937426 0.14611766697903372 0.0
-0.32954426306707635 0.47128554980076975 1.0
0.16101381269953713 0.7248668484349077 1.0
-0.2496759539968021 -1.1057906185102 0.0
1.0802476034977484 -0.4622661850470682 0.0
0.33228187944272275 -0.6941268690461099 0.0
0.20421928678389772 0.5991653267462651 1.0
0.8243946540567649 -0.765818180894523 0.0
-0.69956170720662 -0.31128955513085493 1.0
0.12439584416185352 0.3049902026147012 1.0
0.5516917592235326 -0.3870012113963542 1.0
-0.026593048139266478 0.9936370928453515 0.0
-0.6650502139955597 -0.7817392606311048 1.0
0.14745958513960036 -0.37145486207371614 1.0
-1.1583136520801374 -0.019095624920742432 1.0
-0.5128038810073621 -0.8484721206404997 0.0
-0.06780711763172884 0.20909662992069983 1.0
-0.4059106934786684 -0.2319288065092554 1.0
-0.8027605523922501 -0.7086778294371889 0.0
0.20842669363683242 -0.2410368254022237 1.0
-1.0591898515141853 -0.4777108267235689 0.0
0.3171205091573495 -0.990913390604086 0.0
-0.2593672655185612 0.5308976688380105 1.0
0.7415612457337897 -0.30230821043505085 1.0
-0.48982147725743236 -1.014240759817967 0.0
-0.44026704282542173 -0.8955259302670691 0.0
-0.30974970756303205 -1.0280318366764196 1.0
-0.7012598999437591 0.4793418305731433 0.0
-1.0021942008235663 0.563229215479724 0.0
-1.0672019671610886 0.6773619005467216 0.0
0.3757614902135174 -0.062458017596913995 1.0
-0.06636966703242711 -1.3114912492025788 0.0
-0.7518300498861576 0.5833100005181462 1.0
-0.40231884837379955 -0.667367322230946 0.0
0.20028893996110328 0.12009267435958637 1.0
-0.6154683217927939 -1.2850869235729727 0.0
-0.2830546746268055 0.3305874794422408 1.0
0.21742037024960273 -0.5403695920948615 1.0
-0.2466353341176339 0.6335825124535084 1.0
0.39656495214221194 1.4293625234486158 0.0
-1.0349078576190753 -0.6130295225864498 0.0
-0.3148326331284761 0.19493478406070985 1.0
-0.5196497012464576 0.42071014645298765 0.0
-0.06632170304675761 0.35250890292074705 1.0
0.30065544323524257 -1.0561979812621014 0.0
-0.43726173224866904 0.35350839870271683 1.0
-0.838296251855545 -0.8055341270938379 0.0
-0.32385669609048007 0.2571195212871028 1.0
-0.8462148690296099 -0.5823270934107654 1.0
0.317552031773488 1.2790835015974173 0.0
-0.3473249874686272 -0.889872248421731 0.0
-1.2498142082541737 -0.19331793348544146 0.0
-0.0845568290654119 0.1398412922577587 1.0
0.7416820589249606 -0.44013655079152814 0.0
0.9900207107745363 0.8015120789760196 0.0
0.3635209323473217 0.47443440676439014 1.0
0.5550446861881357 0.8483012463138754 0.0
0.4041936011082732 0.14101983962529968 1.0
0.37740837550759904 -0.7750514415812823 0.0
0.31582462817745455 0.02064735728520356 1.0
-1.0559320063765658 -0.30594085643617125 0.0
-0.9737892551140348 0.31279626570665925 1.0
0.7116003549232222 0.20985944932883882 1.0
0.7975612649685496 -0.5081939382782454 1.0
-0.20476820195329348 0.2423113481250685 1.0
-0.004675215584052761 0.3028336583355006 1.0
0.9404877161737212 0.6618498428550083 0.0
-0.33840553494292713 -0.8972568679665546 0.0
0.9855566655860244 -0.9167864591751559 0.0
0.574440200540696 0.7829319778050091 0.0
0.19009240461716792 -1.433443440856737 0.0
0.7027612909918838 -0.29477504568863566 1.0
0.633028016172911 -0.046418129001559234 1.0
0.35291741294713885 0.21181828351162282 1.0
-0.028235696048946508 0.535274032917494 1.0
0.5738347013245133 -0.8720073524462074 0.0
0.8429345127023484 0.9783949518373152 0.0
-0.8342960728598873 -1.1925789501695272 0.0
0.6315318472707245 0.7867160956566277 0.0
-1.4436489970562083 -0.07805741534445249 0.0
-0.6608968310310046 0.15438442580214673 1.0
0.3079830925122997 -0.623549917014397 0.0
0.712850408110064 -0.8531497128820972 0.0
-0.11295654136482532 -0.3786511815488654 1.0
-0.3490818172253247 0.526793969496868 1.0
-0.569656787266243 0.6059788655711671 1.0
-1.1710982275054125 0.3442504363124024 0.0
-0.3679284582538908 -0.22293717423358825 1.0
0.6999723487826677 -0.8375803351259538 0.0
0.23769106986791427 0.3570238150954197 1.0
1.0931093414109194 0.12494058889451302 0.0
-0.9290747083138677 0.08598877943630834 1.0
-0.374147380990823 0.37203399961477024 0.0
-0.04015939825630509 0.8840976836481025 0.0
-0.6738835294227463 0.7411508244688835 0.0
0.09715350947611034 0.688688667040912 1.0
0.7689147000122176 -0.007418706607081424 0.0
-0.3547503977200185 0.06972492292318405 1.0
-1.1480459714165037 -0.3997927417467737 0.0
-1.2301045740363727 -0.28685009941362 0.0
-0.28653991920472877 -1.0245167284644594 0.0
-0.42281982345417823 -0.5065605729721115 1.0
-0.0976686656609857 0.01848826260315456 1.0
-0.38496299761592456 -0.27261010396883545 1.0
-0.33521704339718117 -0.41035631582663873 1.0
1.1988586650721738 0.4116424687370573 0.0
-7.421409330235496e-05 -1.1614915684544398 0.0
0.7692916745923903 -0.38697676206953113 0.0
0.7008097883252419 -0.45591269659637473 1.0
0.38453429024650765 0.5340108929807623 0.0
-0.9081454333798207 0.1630973695339264 1.0
-0.5449214559200201 1.3195227554329716 0.0
0.5962591574845821 0.018515059506115594 0.0
0.6336048613339564 -0.6896276735860695 0.0
-0.5402803743579416 0.7186344441065576 0.0
-1.06561418080648 -0.6243329227300194 0.0
0.4499120434353175 -0.6881418276214192 0.0
0.1719856376000572 -0.30198832339441833 1.0
1.0245365123113512 0.04682740806457457 0.0
0.13279166809698398 -1.004303943346067 0.0
0.15973212498588535 0.2503006649870807 1.0
-0.48606326023556645 0.880113701185518 1.0
0.07838502900330244 0.31571780343719524 1.0
1.2550759459527323 0.375164928364592 0.0
-1.1613069459792984 -0.33711779168717343 0.0
0.6054326803751802 -1.183408940455299 0.0
0.3638213051252977 0.1986883997497002 1.0
0.6637680066548646 0.7646817136761668 0.0
0.6340976427445851 -0.4396129778420117 0.0
0.9596007589309872 0.16008086848176023 1.0
0.46093801750002394 0.867456697726424 1.0
0.7138324881444547 0.05808202386614661 1.0
0.860913004360144 0.09919775153979515 0.0
0.028858914477059544 -0.584739616263992 1.0
-0.2532431251392596 0.23849937009919378 1.0
0.6423324545156583 0.2969565618860652 1.0
0.1507185792859642 -0.21149022184047167 1.0
-0.12406966727777034 -0.912793008936087 0.0
0.6876917437138734 0.402329866817825 1.0
0.45819548508576274 -0.6398923223456974 0.0
-0.47954616593702226 1.55992308991409 0.0
-0.47126902016240213 0.9543150227779322 0.0
0.41059953945786554 1.016093511957244 0.0
0.29264921914804853 -0.49289358284712437 1.0
0.7782026862741542 -0.3077653613186419 0.0
0.8723231049409129 0.28195763209484415 0.0
-0.1680984863837392 -1.1575452650740161 0.0
-0.0812874106494342 -1.1519250664976106 0.0
0.07285093536451537 1.1105389290602699 0.0
-0.3360598311284175 -0.059954898799336076 1.0
-0.3490087788996724 -0.5876050268306305 1.0
0.2221289645066416 -0.7363757664887451 0.0
0.8633939030594564 -0.03247136265822079 1.0
-0.44500904368156124 0.6957579749020397 0.0
0.7383280237319514 -0.5136280155714893 0.0
-0.5645500574031459 0.2829470626487395 1.0
0.013932302467228696 -0.5149426529174231 1.0
-0.7572753302605174 0.051629543859014596 0.0
-0.23955579960225754 0.3094283640974101 1.0
0.16620990725778445 -1.0697909482433294 0.0
0.25711114763987164 1.024485743939665 0.0
0.1946488679252954 -0.0038047892701138647 1.0
-0.030054150669079557 -0.4723805689982921 1.0
-0.9153785124425697 0.4738753175395373 0.0
-0.07398810534626177 0.42961176513103727 1.0
0.1450770822603899 -0.037802208197950826 1.0
-0.8120220194472266 -0.4218388427120898 0.0
-0.09146317281368987 -1.4470898714307354 0.0
-0.5564279750069714 -0.22329150248037713 1.0
0.7137781412208898 0.3891771064547774 0.0
-0.21514487763185297 -0.6753517945861375 0.0
0.5834305106961335 0.269121579761969 1.0
0.720764115875155 -0.34122581814254993 0.0
-0.3640629957410939 0.07873610192186821 1.0
0.6506010721733246 0.06604293571644876 1.0
0.026850445181134004 -0.011329291945392672 1.0
-0.2935411290481537 1.2569994664594504 0.0
0.224291072538072 -1.3149703799094872 0.0
0.07841374725751046 0.3769280389954758 1.0
0.6136111674084542 0.8224560733419684 0.0
-0.24131637485388802 -0.8151647398590091 0.0
-1.302963439567948 0.499207254562941 0.0
0.10610792149016682 0.4351205793783781 1.0
0.5226587730459854 0.025238410966339234 1.0
0.9421514223571187 -0.471468305062081 0.0
-0.3615638631456457 -0.1611843372243228 1.0
-0.29731006385024294 -0.5157815058626665 1.0
1.1897571338042465 -0.12639146384563474 0.0
1.195085238331245 -0.6794802937778648 0.0
0.9385083293945518 0.6666948859117027 0.0
0.45148042016254547 0.82155951596735 0.0
0.4082734881152122 0.3913701972341462 1.0
-0.060003821192541246 -0.550259854257007 1.0
1.0694362859214521 -0.10179027755513409 0.0
-0.7703752312648011 -0.2992247883682196 0.0
0.7254819647058265 -0.7380464436131221 0.0
0.6131155805008374 -0.7944401273348259 0.0
-0.5777434885026782 0.6441583317327606 1.0
-0.6963979737797247 0.5809285564796101 0.0
-0.8167662662876154 0.6087752948883559 0.0
-0.0849920537618889 1.3538668086038317 0.0
0.2399825978028023 -0.4063240695088117 1.0
-1.42861762252605 0.6906319898083783 0.0
-0.4654539320909863 0.8652860318997744 0.0
-0.596447691410233 -0.8446508713923943 0.0
-0.6429587864517348 0.3092434056810669 1.0
0.3558245961216958 0.9116143412264761 0.0
-0.3047678860299542 1.175100576213677 0.0
-0.1139753988523873 1.228685404848154 0.0
-0.17911502533280255 0.5359903579471611 1.0
0.37895586266746156 -0.6509394333511007 0.0
-0.21836899760238082 -0.9226890185011423 0.0
0.7508850513749741 0.4347872997787555 0.0
-0.4896648507778808 0.10574295022718677 0.0
-0.3719776247530294 0.6605260022345312 0.0
-0.46435599208749945 -0.8356896510009184 0.0
0.3848272463123614 0.19294745617661768 1.0
-0.7261649762684075 0.5657770808256162 1.0
0.34924239364693827 -0.18728110099027934 1.0
0.2922183683018599 0.6565746171248852 1.0
0.09908241609132365 -0.8879131257160423 0.0
-0.5650596845797791 0.7983901624020799 1.0
-0.6069738300733122 -0.47391292455543427 1.0
1.3408689111806833 -1.0232615352733914 0.0
1.0731742289945574 0.8492800075698631 0.0
1.1273254713725716 -0.32275419485548845 0.0
-0.8885139878822164 -0.04651105321645388 0.0
-0.9474727250506935 0.5519054203595258 0.0
0.4449621995138032 0.47326073554198705 1.0
0.2829853520088973 0.6767654077248337 1.0
-0.8176134698178655 -0.4608588419741852 0.0
0.2881665752164406 -0.38384079912038405 1.0
0.021992808488428855 -0.22030356475211352 1.0
-0.006850969790270778 0.6904550156455762 0.0
0.1475313769245437 0.11493302945178446 1.0
-0.4422666004860232 0.03575656329612453 0.0
0.015040235905049604 0.24527082612630177 1.0
-0.18486389694363325 0.01741912676220808 1.0
-0.12790304668386196 1.0801638150210076 0.0
1.038041618169778 0.24965744911661014 1.0
-0.3285384266572756 -0.34648603951876467 1.0
-0.03841509127597631 0.5564517499725166 1.0
0.3536059165928507 0.9573275566324088 0.0
-0.2953742427748345 0.5249499049073888 1.0
-0.550666988996384 -0.3455187131490065 1.0
1.1083937795600047 0.8561790650104796 0.0
1.1196248280022025 -0.7254094160044644 0.0
0.8778353321508341 -0.5310231776390656 0.0
0.246481457295591 0.35814714311564055 1.0
0.729284802311557 0.0717348882628445 1.0
-0.5602732388053747 -0.22619509192833304 1.0
1.150200564236089 -0.3180238384682225 0.0
0.538800796542941 -0.13454073784538012 1.0
-0.44854272905169984 0.11146774233719425 1.0
0.42733722836630816 0.11896268397174958 1.0
-0.7840316941720517 0.27312283511996427 0.0
-0.2377306574302753 -0.8488744846158673 0.0
-0.693625222854931 -0.659941638243668 1.0
-0.23314664210762268 0.013255155034297972 1.0
0.01013286984521089 -0.12001114982526032 1.0
1.3563123439845244 -0.5548911941007847 0.0
-1.2228775733120076 -0.14320959266523833 0.0
0.9366349798279158 0.9042526507203446 0.0
1.1560932012426317 -0.41946166389322054 0.0
0.35928177082993207 -0.3278486684721742 1.0
0.3748448185290713 -1.1995869806062232 0.0
0.5537231678460808 0.037116979997154464 1.0
-0.19036840182827255 -0.3654619319126964 1.0
-0.9765085069551216 0.07511423113160348 0.0
0.3086990510190303 -0.16422944609190554 1.0
0.45586152643545047 0.22500191908020517 0.0
0.5185668574025183 0.8849358381293042 0.0
-0.4281278427835306 -0.3607632880708408 1.0
0.9728214729863216 0.7809909717708173 0.0
-1.0047125133035304 -0.5847471291174632 0.0
1.4407559485680876 -0.6021432368886561 0.0
0.4131574059830332 -1.0742316379410317 0.0
0.3509568412410055 0.7389254458105023 1.0
-0.8603817392432732 0.9232372709730907 0.0
0.34939254323478697 -0.5952145189041917 1.0
-0.9011789735411568 0.8030746254478283 0.0
0.4093825779579388 1.027409191954097 0.0
0.3939649817264432 0.37186235194331374 1.0
-0.23074689828830589 -0.4508209034014341 1.0
-0.8755622769996203 0.2271276671613307 1.0
-0.9382493427222641 0.17956009217713334 1.0
-0.4012624045931434 -0.09916132211662847 1.0
-0.028023967996297527 1.0725365406571972 0.0
0.499172313377137 0.8144760873322345 0.0
0.6063840005796574 0.1555023543275403 1.0
-0.7960574579918883 -0.9800373188695667 0.0
0.6992849112451647 -0.8768781951917084 1.0
-1.4533779851332032 0.14757555187991117 0.0
0.2881453083550193 -0.39904696470159084 1.0
-0.7859797110954262 -0.39538125838760313 0.0
-0.03211566842230057 0.11725008684386923 1.0
-0.20177910622076872 -0.38058261162866347 1.0
0.15563841260253436 -0.7123411723938664 1.0
-0.29553146737035785 -0.7259251777967368 1.0
-0.060112412872380255 1.1340577493251598 0.0
0.10924583490196277 0.19356910953218442 1.0
-0.7459931107063567 -0.5327947542756272 1.0
-0.5000349962538325 -0.1996501822059217 1.0
0.30140104081864416 0.27636139605844245 1.0
-0.525540692048178 0.15799855064314366 1.0
-0.03694892184858739 -0.11929705855203036 1.0
-1.0217837206357976 0.6316271086366613 0.0
0.2916736962003322 -0.5709293817660637 1.0
0.03597116634579153 0.5024216575025808 1.0
-0.5209616715782592 0.6295993937991324 1.0
0.19320579895568457 -0.9499762220133536 1.0
0.3464943715750829 0.5010793319974234 0.0
-0.32663644484583276 0.20232586995753177 1.0
-0.06529605736371902 0.3308634966421872 1.0
-0.2515366977591541 0.5244242068567584 0.0
0.3914884787236754 -0.28278648503034454 1.0
-0.7416748583389524 -0.8458999552246003 0.0
0.3351993232790361 0.9053139555205292 1.0
0.3429445949269835 -0.120898753574213 1.0
0.481208108452224 0.24635486626064765 1.0
1.2637655939360835 0.3594040512605341 0.0
0.32968990903190803 -0.665481651429492 0.0
-0.11200060453721611 -0.7293960024537565 0.0
-0.847850748273081 -0.1939249239932193 1.0
0.20840123872976357 0.6694155881311562 0.0
0.5603832144394374 0.4385374058220956 1.0
0.520607015712304 0.04640734754381168 1.0
-1.1526000757654882 -0.3524931200727054 0.0
0.11325885921258644 0.5760888860364956 1.0
0.12329978992478241 -0.8938361654393094 0.0
-1.1303468712144564 0.0941805041652077 0.0
-0.7735935272223484 0.24960647182417708 1.0
0.18397043519009781 0.15489961695906584 1.0
0.4367282912216033 0.20968133102332598 0.0
-0.30042354764698964 -0.5940627903189565 1.0
0.5146355481294773 -0.275140724997297 1.0
-0.6402850249829769 0.5436270287046858 0.0
0.2255400238773991 -0.06739100623344113 1.0
-0.4830183796889872 -0.3324142162161252 0.0
-0.9222295762526695 -0.8018999619248185 0.0
0.6430638115041001 0.6961040309158155 0.0
-0.807715144650414 0.21027975738967142 0.0
-0.9561006978674634 0.642067048786088 0.0
-0.049091276460262845 -1.1371315356210152 0.0
0.8877992614234794 0.6024436067367873 0.0
0.7025467186622623 -0.7666440373318618 0.0
-0.775854814307606 -0.11430656483606072 0.0
0.06760438899764079 0.11161019865326893 1.0
1.4147960570438565 -0.06725724612112338 0.0
-0.3918802054082388 -0.7113673658290033 0.0
-0.3321705796678339 -0.30693225701123067 1.0
-0.4962437569376008 0.17639541549663834 1.0
0.10591374506078971 -0.0024219169899523385 1.0
-0.12280767182977664 0.7712031718299086 1.0
0.7962019489450902 0.2039099647111085 0.0
0.7016843189211548 0.33573296154311727 1.0
0.20292839400176593 0.03870220800433266 1.0
-0.1219356552800887 0.42931246522963407 1.0
0.3176309686666158 -0.15591813722440073 1.0
-0.6446484013642476 0.9749955126468504 0.0
0.35156032634794554 -0.38811794539582983 1.0
-0.2842562898736264 0.7751014153546321 0.0
0.15788823686826148 -1.3660495025246442 0.0
-0.4523581473423389 -0.17350984403685943 0.0
0.7345909152278305 0.46181359450515247 1.0
-1.3827270836362995 0.6733029663871322 0.0
0.08062768814429441 -0.5127509502472384 1.0
0.538510215103666 -0.11907317583924715 1.0
-0.6277279897881152 0.9928946830943857 0.0
-0.56796819538654 0.5380584530110064 1.0
-0.5447106843280924 -0.19634293664447833 0.0
-0.038460598650700395 -0.5157955434082162 1.0
-0.31229663120514195 0.3116135366404975 0.0
-0.21363640857010685 0.5645808403944452 1.0
0.11921831715977421 0.21508075171555688 1.0
-1.238136793066805 -0.08707898078903561 0.0
0.17428242176218756 0.0859544424989265 1.0
0.9951234133715929 -0.030089745718316754 0.0
0.19345406590788983 -1.2766737437881401 0.0
-0.05287808129031252 0.9518401812279063 0.0
-1.5261169935780625 -0.05895951885614914 0.0
-0.4506359717443362 -0.4375102310809518 0.0
-0.384977945657103 -0.9315686556009464 1.0
-0.5564472772462532 -0.5213003282236431 1.0
-0.1557036441336062 0.8685906173716011 0.0
0.4567615672049828 -0.14720939401144284 1.0
-0.11292684149799459 0.368871020237723 1.0
0.020586927010009803 -1.4135370629092474 0.0
-0.6054082380963326 0.44390456310753 1.0
-0.9643963307933072 0.9276582468172203 0.0
0.7055971015108049 -0.33552837580625827 1.0
-0.551927800981435 -0.34089741517744065 0.0
0.06731688380303386 -0.47182077453112387 1.0
-0.5280045886352251 0.20940790118960925 1.0
0.5425576150038527 -0.672534429262073 0.0
-0.6683219350200137 -0.5030089155807048 1.0
0.951840981090004 0.9219755371223624 0.0
0.27899978013449067 -0.9071519892493909 0.0
0.6326649075796981 -0.8512527030858421 0.0
-0.842280564072495 0.749986448600914 0.0
0.17546330613610123 -0.12009116272794382 1.0
-0.2382465616626618 -0.8567495206934755 1.0
0.876605418666701 -0.7560532199554992 0.0
-0.643362678077321 -0.35979016103995837 1.0
0.36188378562965995 -0.5175453091466635 0.0
-0.4836686365939045 -1.2284344456837577 0.0
-0.32473658680958695 -0.7622837679963573 0.0
0.08158247113168564 -0.836084997572823 0.0
0.07005827190347177 1.2018520460573883 0.0
0.26820982343242383 -1.0069454134683375 0.0
-0.3128255004868111 0.39487359924566046 1.0
0.29049087281874353 -0.23116234322448181 1.0
-0.307737848601089 0.5317073510454998 1.0
0.032444240235864646 1.0629561528445135 0.0
0.3885149458957328 0.9332984039772932 0.0
0.03241121448292644 -0.06611969572731638 1.0
0.13067450850850376 -0.3303035168331376 1.0
-0.4403604316534756 -0.9236296201658909 0.0
-0.3944605022989372 1.0568227099235121 0.0
0.16768540848016278 -0.6295605796847905 1.0
0.9019833204037161 0.11831681558629323 1.0
0.4529892217544258 -0.3473384434552614 1.0
0.6277942620697985 -0.053760762122195715 1.0
-1.0338938397341295 0.40812968373003883 0.0
1.4817020876098494 0.8365146061506654 0.0
-0.10794213651673154 0.8225972982242389 1.0
0.17300716408407824 0.36809907668214215 1.0
0.5040353079894304 -0.3264504150404496 1.0
0.716635454753338 0.9815871918784906 0.0
-0.90868474582338 1.1626990572912161 0.0
0.7291536482285975 -0.008204576028385646 1.0
-0.3851514240806526 -0.7425200709016567 0.0
0.3586448706781648 -0.1376666166172042 1.0
-0.5253767427277812 -0.584242712059607 1.0
0.3794509892558622 0.2648047716654084 1.0
0.7841676369546408 0.10557107950155764 1.0
-0.31423758443755856 0.9559769104256889 0.0
0.5529936263011286 0.8981465286752391 0.0
-0.22603025445841 0.1232940292271974 1.0
-0.658961674645927 0.9288937649022392 0.0
-0.23877379985199937 0.48248315525661173 1.0
0.8159480995024099 0.6528620833037236 0.0
-0.5914352898229736 0.8581505932475466 0.0
-0.317336056485913 -0.1217680644424113 1.0
0.676233093967995 -1.1017972414742399 0.0
0.10831585484278879 0.8524720515255155 1.0
-0.4889488776358302 0.27747525439495435 1.0
0.02698002850268426 -0.8656525073527703 0.0
-0.3431756272083805 0.6045696893185638 1.0
0.5991353118508101 0.04774212454244567 1.0
0.18478799447911942 0.2290623871859428 1.0
0.11881129796780085 0.4424013360759508 1.0
-0.4357511160085219 -1.1844685576491214 0.0
0.4598330022296521 -0.003345234694673016 1.0
-0.3497559396908353 -0.11165005736044631 0.0
-0.9995603893097308 -0.1830331554319315 0.0
1.2869955814914043 -0.11018032400285369 0.0
-0.023257941525288373 0.11024415613064475 1.0
-0.4146584292237988 -0.13597910174249628 1.0
-1.1480914114149603 0.5016585723008992 0.0
-0.346064984278933 -0.9768200483142797 0.0
-0.6968108396313184 0.06591942399207479 1.0
0.8852841260755917 -0.4049308455619201 0.0
0.4145891871753219 -1.0090318755877126 0.0
0.4541616489747376 -0.18356449980724188 0.0
0.004017453481668452 -0.581185848183972 1.0
0.16874861153815707 0.4789959265798757 1.0
0.3503102114605302 0.10405352400417978 1.0
-0.36369243015810404 1.1308287931144847 0.0
-0.6033971590931304 0.2236016907057213 0.0
-0.24819099134387074 0.19240398296375844 1.0
-0.1297992320202665 -0.6620423636580468 1.0
-0.08398512722279375 0.6786368354802652 1.0
-0.630111739188282 0.535947251015351 1.0
-0.07882013352690716 -0.6464537390932494 1.0
0.7027273698365706 -0.8345023428900714 0.0
-0.1310769066584842 -0.09867012597347818 1.0
-0.5235922342042626 0.15626261701359187 1.0
0.3742479778823305 -0.7431282298642646 0.0
-0.7620156667777664 -0.10992597075426083 0.0
0.5922555996151002 -0.8663809073451767 0.0
-0.2629961035731471 -0.9639156983572473 0.0
0.037445324229134644 0.9149740585756667 0.0
-0.6967697685887593 0.9833689786216637 0.0
-0.26584741521836974 -0.10998360678732658 1.0
-0.7192364632964144 0.6744525218281145 0.0
-1.136256000171744 0.2300974868529252 0.0
-0.017028074265734106 0.9530662648267543 0.0
-0.21753569401678824 0.7786162699910544 0.0
1.4733259528353937 0.13311016449856944 0.0
0.6620728167891948 0.5606627245164035 0.0
0.686150247625666 1.0022822478299758 0.0
0.4725578587150514 0.4300963467307933 1.0
0.6888709585203188 0.06853680990370037 0.0
-0.6473610037992288 -0.2338835009126301 1.0
-1.0989699030213458 0.258275990098934 0.0
0.8665685056004856 -0.08428216864308585 1.0
-1.5488873278410582 0.1906635956187258 0.0
0.2802926716683981 -0.5967850844696598 1.0
-0.15621221868915453 -0.24423265953441334 1.0
0.04467266367708622 -0.9338138250699126 0.0
1.1665150206137984 0.4193464065869618 0.0
-0.033726527860574645 -0.38520026781571814 1.0
-0.7724211455564257 -0.404741121530037 1.0
1.147400883641943 -0.9127542035929332 0.0
0.523852018464069 -0.01436543657570577 1.0
0.40630636697066513 -0.31213849651450726 1.0
-1.2026289145645528 -0.8855361439029249 0.0
-0.5627451676287678 0.3135499523134013 1.0
-0.9666427207066941 -0.3356656469963917 0.0
-0.05903923673958897 -0.3816707884384895 1.0
-0.6819904385811197 -0.14825041196695385 1.0
-1.047402168320156 0.30379983168223995 0.0
0.9653404475215883 0.6442672248239292 1.0
-1.242505136730784 0.044838516425507347 0.0
0.44952386600407546 1.040478077042536 0.0
-0.49781463358769856 0.35902092272151764 1.0
1.291426455315675 0.48534114744020074 0.0
-0.19404047688726755 0.2676913855188868 1.0
0.010865735345073846 -0.44374334067634374 1.0
0.6819053799287584 -0.07477017009185605 0.0
0.5425515525019612 -0.523654266079483 0.0
0.5509117166014696 -1.094910853101775 0.0
-0.566921303524907 0.2543335185910688 1.0
0.05065669216154525 -0.7223260457513648 1.0
-0.5613644863524904 1.037336404334684 0.0
1.0694774595301908 -0.2612446454264722 0.0
-1.1111507816222372 -0.1108230969829034 0.0
-0.21444700721126553 -0.8041137624561888 0.0
0.3947056674708862 -0.09025235177372051 1.0
0.62531871226021 0.669424711110598 0.0
-0.7100316410006724 -0.23660534179427317 0.0
0.5127384425261791 -0.4382035313843814 1.0
-0.09462984983090712 -0.5369852793448505 1.0
1.3622333614730093 -0.6428906073921351 0.0
-0.31235363516372106 -1.0600860627328437 0.0
0.012619696427995875 0.7199087338728272 0.0
-1.1137442453006852 0.8687460184523632 0.0
-1.0327944987205875 -0.6393645295990008 0.0
0.12193589059539599 0.7741088725324918 0.0
-0.7054192621766393 0.7777223965355584 0.0
-0.3756453496245513 -0.24235451676953398 1.0
0.13724361974929597 0.802487587564603 0.0
-0.4360296596507721 0.48690599264313716 0.0
0.3594147104183707 -0.49360940128583913 0.0
-0.15493425287821588 -0.09765512383273656 1.0
-0.1273585491083049 -0.2724418623679993 1.0
-0.8479592908868648 -0.5472868464302623 0.0
-0.733383385312001 -0.33794376260693826 1.0
0.49997653876630666 0.3563715541022297 1.0
-0.9570241992932063 0.041857155341433624 1.0
-0.925889376933416 0.44536225097444987 0.0
-0.6443088753035177 -0.5916164036155183 1.0
0.35776488705970405 -0.2208877510711705 1.0
1.3586714330545218 0.169783315723207 0.0
0.4322754592894956 -0.7266417688458136 0.0
-1.2986754204663606 -0.2639935673971703 0.0
0.7037209198929021 0.07028694291451493 1.0
-0.2885283725010587 -0.7647293558088755 1.0
-0.20648061544482077 -0.43655384524041285 1.0
-0.3607465704293326 0.2481684914583524 1.0
-0.0008627442520992012 0.5413400510070423 1.0
-0.15415496559703268 1.0529159333854186 0.0
-0.4617345281523578 1.17895828566379 0.0
0.3384574350949352 0.5165035215073805 1.0
-1.2824832956385979 0.5103552334043051 0.0
-0.6670783752481442 0.7185201514119877 1.0
0.13606401762053263 -0.8844960768776423 1.0
-0.9694355815427846 -0.02131676803770438 0.0
-0.2788648808658294 -0.29834802315154224 1.0
-0.8073360355703019 -0.9751578949172982 0.0
0.1697352825649714 1.0593938220098786 0.0
-0.11966508751360577 -1.254896054218211 0.0
-0.8964624098827714 0.6549170443970669 0.0
-0.801204966336864 -0.11890043174285991 0.0
-0.20034746541007478 -0.4760839215815333 1.0
0.08925422811638278 0.22265527590720358 1.0
0.00738688335224473 -0.08614294157425978 1.0
-0.3991487689999613 -0.3924557164611968 1.0
-0.15504837879519726 -0.7834916894619794 1.0
0.8776290705989616 -0.4374970749898931 1.0
0.836468332956728 -0.2962056224276742 0.0
-0.19261063132788198 0.6823154501779445 1.0
-0.7026041121139388 -0.5297997820083484 0.0
0.32104291335702906 0.7662653626540635 1.0
-1.4207953310829144 0.49009272063373005 0.0
0.8168016228269651 -0.6918815399363298 0.0
0.7844560363718901 -0.3014977245969576 0.0
0.5285208619484993 0.0962903442051597 1.0
-0.32615267793257047 -0.341762387037904 1.0
0.5913638990920979 0.7524826878805896 0.0
1.5994726499204122 -0.05981094916743501 0.0
0.728441246234861 -0.11508327286889572 1.0
0.22291468654853014 -0.5373375809944867 1.0
0.3545529673931191 0.37820924450206844 1.0
0.44484627305984925 0.586933415489186 1.0
-0.6779464168164706 -0.24957380313609528 1.0
-0.1866689174159385 0.5854917984612638 1.0
0.19864318997116806 -1.1013342027772783 0.0
-0.6588348056455529 0.6427740320556286 0.0
0.6434776590285937 -0.2285421172611818 1.0
-1.0480635970752654 -0.8296679748849453 0.0
-0.039823722015760676 -0.21395501896623223 1.0
1.4579397904321885 -0.08843805180817618 0.0
-0.09108432835371502 -1.3776522336373034 0.0
-0.7098638508852443 0.8410441109351696 0.0
-0.07649728880285898 -0.7726957609325331 0.0
0.8484847563401323 -0.2857533618116497 0.0
0.8849908926097565 -0.45417843468673014 0.0
0.6069790339595258 -0.593730357953416 1.0
0.7527693806480636 0.24408459847062974 0.0
-0.5257129335756553 1.102607218098615 0.0
-0.03110274032342969 0.6411235387901857 1.0
1.2631202295824489 0.17305892361080855 0.0
0.387177298139458 -0.35836117913687315 1.0
-0.720018424482702 -0.020991484487531437 1.0
1.0253412044855597 -0.8375380187807423 0.0
-0.9387574619687971 0.3376737489217638 0.0
-0.5933691138471449 -0.330276643413967 1.0
0.26900227633083434 0.829324526007799 1.0
-0.8720929374045441 -0.7914937134761699 0.0
-0.3581116127665625 0.38034280391076336 1.0
0.2524506134887784 0.8301349779507963 1.0
0.03751125498650368 -0.6277779195567877 1.0
-0.030744295511299646 -1.2557348621006441 0.0
0.17320060143515853 0.6177803494431805 0.0
-0.2764533173691527 0.44322904852432055 1.0
1.2922351269790442 -0.16352446741399912 0.0
0.11394527554710637 -0.582353526199024 1.0
-0.09357315147128674 0.4396427903436853 1.0
-0.2929612376154833 -0.3094205821787072 1.0
0.16772652023368198 0.7319437810579493 1.0
-0.38432892039141386 -0.5408909847901507 1.0
-0.7876289683403949 -0.7512749906132393 0.0
0.9162353614356663 0.943584084832524 0.0
1.193867073079498 -0.2247538167880035 0.0
-0.9306874147327926 0.25520092465396493 1.0
-0.8068419960995116 0.16234386621737312 0.0
0.19901383949328785 -1.1101552050441637 0.0
0.10301711875600517 -0.7679756250087968 0.0
-0.23170655529772044 0.5952145409393133 1.0
-0.4427335382628764 0.3141877210000787 1.0
0.3939472955551126 -0.5885475227347776 1.0
1.6103898940011956 1.0433601352842927 0.0
0.31848821790096904 0.6466946147712707 1.0
-0.6329184985334722 1.522563555947884 0.0
0.7670218272292992 0.6162070840697026 0.0
0.9122492085904315 -0.7262369315689328 0.0
0.121322427348793 -0.44264346382663716 1.0
0.7656525613042691 0.5270069552082777 0.0
-0.21419775049724926 -0.22110336915183434 1.0
0.3294892509019663 0.9989654609773208 0.0
0.6945701149090129 0.6338532508671775 1.0
-0.005466960753523764 1.1317545673936034 0.0
-0.7580105537402491 -0.4766238879342408 1.0
-0.01321019650618871 -0.0032030940696889387 1.0
-0.8632320879578037 -0.22792622704527316 0.0
0.7864500198897022 0.570041782392866 0.0
0.14633611216457051 1.1128753928528983 0.0
0.8099674829592516 -0.27355752026198976 1.0
-1.034955159641541 -0.9343199884760917 0.0
0.5134128864102112 0.2916040808669591 1.0
-1.0030051726537432 -0.6321879802383532 0.0
-0.851433675534017 -0.0750128762788189 1.0
-0.27599339519982324 -0.21231269930684493 1.0
-0.24014393566637782 -0.9978270663970584 0.0
-0.4388562306336868 -0.3339974292269108 1.0
-0.15276588590163298 0.1791647682518691 1.0
-0.4789341963557555 0.10356334574224317 0.0
-0.08580044247332469 -0.1807098039188671 1.0
-0.28338878975038845 0.3044007136467338 1.0
1.0114384937004464 -0.308070649826231 0.0
-0.16129767809361997 0.7611992087694576 0.0
0.04896224570956659 -0.395176502586368 1.0
1.0732919460659032 0.6617748042046381 0.0
0.8714357567611954 -0.4259168210420656 1.0
-0.6013460055288427 0.0314599163435654 1.0
0.6335808219368884 -0.8492944720606973 0.0
0.9605303792943608 0.23782479503251466 0.0
-0.26525014593190066 0.6141709052623567 0.0
0.8129153684886287 -0.12623354274998103 0.0
-0.8099023401331025 -0.40413126862927923 0.0
0.045086177633234054 0.917277899511741 0.0
-1.10819352789182 -0.689391895677586 0.0
0.7718259595122174 -0.3173915517375363 1.0
-0.573345539939105 0.7037006921847133 1.0
0.28592919600746086 0.1818017041492801 1.0
-1.0305986355018553 0.7860024819622308 0.0
-0.3286693304128867 0.2918348550575017 1.0
-0.27679846321266444 -0.663063357742931 0.0
0.04427828360631891 0.09263320458624646 1.0
-1.0389090031374677 -0.5405806714465848 0.0
-0.04328793728134381 0.5178101248808522 1.0
0.704143148353636 0.6555031876832188 1.0
1.175745315444875 -0.2016833628438744 0.0
-0.7114793172141819 -0.18476415337741492 1.0
0.42883504556727875 0.36640849810297293 0.0
-0.5614400786238369 -0.21851783843734218 1.0
-0.21226206085801327 -0.8683222127706078 0.0
0.2929524804730578 -0.3602930697390294 1.0
0.962104136464091 -0.7372378410962179 0.0
-0.14333361138134695 0.4615811176506097 1.0
-0.11583008069523382 -0.9088103177194526 0.0
-1.3877968700576884 1.0102427699960383 0.0
0.3311186039010421 -0.06805987912104705 1.0
0.4598441782313711 -0.06598032995447012 1.0
0.8105885736092576 -0.4727797396718461 0.0
-0.2566826925770991 0.7059927737624643 1.0
-0.8514821104573298 -0.37973315960119125 0.0
0.2636541914818127 -0.8585774075064484 0.0
0.7562617380336997 0.06259835254030954 1.0
-0.23404025023619707 -0.5424098914668237 1.0
-0.35825422744144403 -0.3948800045343932 1.0
-0.0005839357602219208 0.3349707841219548 1.0
-1.046953936993785 -0.29036282609075464 0.0
0.4902919923056254 0.028067667330713468 1.0
0.2314917123181989 -1.1038204531197886 0.0
0.39170690776089245 -0.5988859446343188 0.0
-0.7860755563254398 -0.4539365669750014 1.0
-0.5902990845480248 -0.6343986014307326 0.0
-0.9340447407622797 -0.3730570527634552 0.0
0.7672154076294951 0.3482881994215508 0.0
-0.6265569500841223 0.5539758846216243 0.0
0.8780534499556267 0.8931865721969474 0.0
-0.002598426478186089 -0.7778750614154021 1.0
-0.7325533569758483 -0.6055827612865555 0.0
-0.5638080524798392 0.3557322762952764 1.0
-0.27047328244964264 0.7045400685581782 0.0
-0.7944273164327537 -0.5385335970813657 0.0
0.026941973300580152 -0.08595028491872858 1.0
0.11242245766581128 -1.26337539203688 0.0
0.56981202296175 -0.4682164641171117 1.0
0.5225391926003172 -0.3735734609272933 1.0
0.2917458659466056 -0.5045237127336687 1.0
-0.23601228924176987 -0.33733245941407436 1.0
-0.0014173080736507018 0.8946889983372975 1.0
0.5135063863083282 -0.4299032118503321 0.0
0.2674630429388051 -0.0649133958125544 1.0
0.4103949830289373 -0.1893114697528135 0.0
-0.30153380264467744 -0.7553390001959985 1.0
0.5684022283484057 -0.3617898914931167 1.0
0.5692145256823341 0.3153543629783115 1.0
0.25593701035758254 0.6646928923978852 0.0
-0.4160182404029701 -0.10266015653928148 1.0
0.7342022267208728 -0.6126619097669475 0.0
0.5898290223856363 0.5498748094012325 1.0
1.340348223968984 0.05985642737294451 0.0
-0.1518794299055321 0.051596206166325875 1.0
0.6762899509348677 -0.2504923011341426 1.0
0.3899339756109382 0.4080351509541192 1.0
0.19109229552436657 -0.6048076789902486 1.0
-0.3259683542156042 0.5102531364727513 1.0
-0.2975237304929579 0.7058208130727401 1.0
-0.8646356741391116 0.8253164185613816 0.0
0.3234854247996479 -0.45724594442066196 1.0
1.2423829871010756 0.7312276562340889 0.0
0.16581397599743242 0.4527570570623344 0.0
1.0033983418458923 -0.46205006092108714 0.0
1.1715566711892837 -0.007771720859693909 0.0
0.814981238754747 -0.27600790449067925 0.0
0.292971765710762 0.46641369995226456 0.0
0.2646228217057921 0.5858796620404638 1.0
-1.1633228358629168 -0.14523286286337672 0.0
0.1906743660210708 0.6985298434839962 1.0
-0.1273076179853917 -0.664043771272669 1.0
0.5576247737582767 0.49746210681839664 0.0
-0.055486571712687276 -1.2494490585779177 0.0
-0.6420923356392979 0.34634738894516826 1.0
-0.2914248601440549 -0.5279021668518977 1.0
0.4889479581116237 -0.4056264683644522 1.0
0.33315544209455356 0.6082123727847369 1.0
0.49757140729732824 -0.6974483141848979 1.0
0.677169786930889 0.5154236318513169 0.0
-0.5600398787029748 -0.9445685502971848 0.0
0.20638520808134425 -0.5271483703083921 1.0
-0.08034668098006517 0.9055835805347467 0.0
0.31491359282529907 -0.5013406574078797 1.0
-0.5983716902130803 -0.09428980589178557 1.0
-0.796945020969665 0.7329522390938316 0.0
0.3569430301883879 0.17883726065634803 1.0
0.588331062690206 0.35418464202853644 1.0
-1.0881730819545505 -0.8041683322360464 0.0
0.7418478961594313 0.31997170660242613 0.0
-0.5411575341962316 -1.0149175352860074 0.0
0.9035951186842687 0.4741628828162634 0.0
-0.6243641633945607 -0.8522056194329954 0.0
-0.9797943208108185 0.7519361405025977 0.0
0.5922447501063481 0.14927479333607013 1.0
-0.8626981214976717 0.3231996624121487 0.0
-0.5783544545846773 -0.10271589812151617 1.0
0.4491232213095133 -0.5395734448282619 1.0
-0.3225264838107635 -0.3890478908395635 1.0
-0.5011443405377368 1.2893761322244561 0.0
0.10762313918994443 0.20331815539138154 1.0
-0.3513329498516455 0.013137705539602862 1.0
1.289384093300026 -0.39295770537686586 0.0
0.2706171926074961 0.5352059418925678 1.0
-0.53483411743815 0.19857729762463028 1.0
-0.09311435549996783 0.14390750846080164 1.0
1.2251926975955405 0.7400771131686248 0.0
-0.059496780789470516 -0.45522253266085966 1.0
0.46354706171072363 -0.5770379408731255 0.0
0.6149037621052159 -0.09883000522517768 1.0
0.7297258771398675 -0.5094677032511129 0.0
-0.4402726014238829 0.14163506165912232 1.0
-0.9935064190549768 -0.07227075343752717 0.0
0.5798775496197641 1.181855869266743 0.0
-0.4030967186423037 -0.4542955325028012 1.0
-0.5586569976697234 0.8657435836680607 0.0
-0.06414524126571333 -0.2321966748324364 1.0
-0.13870462431549824 0.40387296879239537 1.0
-0.8197966762577965 0.5656981443699713 0.0
-0.07930183550588737 1.3294421031348367 0.0
0.16579701109281686 -1.1155202429023023 0.0
-0.08601086108384615 -0.7308676969991423 0.0
1.1196880897174593 0.5624986487024548 0.0
-1.0031682130540085 0.3974472533974498 1.0
0.1651566915384901 -0.04231642097513627 1.0
0.3773101924520374 0.19688687792836568 1.0
1.0208667520101893 0.8164122073556972 0.0
-0.3288081593012683 0.32422523012560356 1.0
-0.8218684214818229 0.3660183165575621 0.0
-0.35669627485716937 -0.6288440416251531 1.0
1.3323274916357668 0.523748285381648 0.0
-0.8021058727252438 -0.6773603995057271 1.0
-0.763886043881442 -0.22790964515528914 1.0
0.34592028518434353 0.23414273304287533 1.0
1.1483128123546802 0.8165432778051653 0.0
-0.8695737782876977 0.1962731172449852 0.0
-0.762595762280188 0.7487458930069855 0.0
1.2172742482034218 0.2598272951344177 0.0
-0.6615571222639506 0.4826447052027303 0.0
0.14912173150423827 -0.13230904647933828 1.0
-0.39493952882058153 0.5216867675935387 0.0
-0.36707342691801237 0.7634463851456694 0.0
-0.09361314313253272 0.501359745955664 1.0
-0.3482413284336156 0.33127299432828694 1.0
-0.45835524806147165 0.31636510240837395 1.0
-0.41711493942639394 0.5106493449973801 1.0
-0.9021128529495938 0.4548567872776816 0.0
-0.6385121417156128 -0.3322313006372218 0.0
0.053909185793991565 0.47159163070682686 1.0
-0.9169684050967145 0.5549816871282099 0.0
1.185585393438872 -0.28281780207281787 0.0
0.29253093354180637 0.33673135786573616 1.0
0.3104205074064523 0.04760971449640844 1.0
0.5723929711585837 -0.09514557403958884 1.0
0.8213590442673973 0.7405736892967254 0.0
-0.36372488541322073 0.8349603944073345 1.0
0.6920883260599568 0.4837759703363942 0.0
0.5261843510025312 0.7320145906974518 1.0
0.15079978822061169 0.36240657597645287 1.0
-0.05782925252637294 0.053257902307043484 1.0
0.8263300306627708 0.44051492650119173 0.0
-0.381691671082299 0.7942866253221532 0.0
-0.5034233051307407 -0.13771685144740006 1.0
0.20000759281530256 1.005676819884059 0.0
-0.21871414946915502 0.8307113543035636 0.0
-0.875094745097193 -0.29129656997021725 0.0
0.35973035400405123 -0.13514871502467984 1.0
0.15051637983243482 0.8199547051273578 0.0
1.2019927847607965 -0.9060868152011659 0.0
-0.5050615920110193 -0.35589432108621394 0.0
-0.6621265571589912 -0.3083829392806402 1.0
0.6895130573011199 -0.19504378298664038 0.0
-0.2948801901603817 -0.004926590720863849 1.0
0.09268698477306148 -0.7247231973700612 1.0
0.8592576471695846 -0.304497368470245 0.0
0.5782616888085887 -0.9049726187334757 1.0
-0.7176319975312622 0.6575615188109433 0.0
0.5053826035140936 -0.25365174250334455 1.0
0.7207967770326066 -0.6964768511993916 0.0
0.49395275235995517 -0.5061400361735292 1.0
-0.3761214786267686 -0.2763439161243533 1.0
0.35926798711257013 -0.5737350127475498 1.0
0.9994917815222939 0.3908267920802974 0.0
-1.112112736334437 -0.2554706610389646 0.0
0.8126274297018907 0.4635158840074609 0.0
-0.2511512363398991 0.2802376290884395 1.0
-0.38724134818798334 0.6767473493273924 0.0
-0.7805701222460155 0.0005646845613079265 0.0
0.03917997532641454 -0.9139707365388534 0.0
0.013732708673289754 0.7217480259177615 0.0
-0.6107153956765535 -0.1626798898337185 1.0
-0.07608958027903404 -0.11743946348150358 1.0
-0.8600578183314556 -0.1964147438992086 0.0
0.6778199940585338 0.7329328824257573 0.0
0.12887593837308686 -0.014869723409812435 1.0
0.532300354022615 -0.6347797781487097 1.0
0.11152942322679141 -1.2849042428468245 0.0
-0.43778228339470526 0.6544634322539075 0.0
-0.09701163653317302 0.8579697651095517 0.0
-0.37887605842396715 0.2884795336895001 1.0
0.39103155653834887 0.4493306993050787 1.0
0.5945143373105294 -1.0246728761439026 0.0
0.8141820432367067 0.9909442186898167 0.0
-0.3230172631340995 0.9203886702901571 0.0
0.09850302863560666 -0.40694739922949674 1.0
0.4679931671929056 -0.3483060229145795 1.0
-0.4475016585292174 0.3386911297676101 1.0
-1.0518452852263693 -0.4704587386071947 0.0
0.2580679044893067 0.5437277529894925 1.0
0.13362222655788847 0.2407379357496373 1.0
0.5376138957201257 -0.8168796600060202 0.0
-0.3115756637975762 0.1872298430308852 1.0
-0.05073595928450886 0.8881992953994067 0.0
0.7581024581052674 0.989427108735328 0.0
-0.06628158842369763 0.6691673277552331 1.0
0.2214142353148708 -0.4153566857724116 1.0
-0.30352693860959173 -1.1924307802237708 0.0
0.3580021978295532 0.23748493966940562 1.0
0.7317894901486206 -0.008470167329321099 1.0
-0.16498996102861993 0.8154085738562009 1.0
-0.7378624521069022 0.11035322658651786 1.0
-0.6741799003029401 -0.3975099483377166 1.0
-0.4327063202417312 0.17109138404044125 1.0
-0.01679208704336546 0.3433746115678579 1.0
-0.2831946059609339 0.4415378439266388 1.0
0.6985282662399896 0.7915074348580153 0.0
0.7555525029828161 -0.5589571741369638 0.0
0.8361126100971354 0.052343552917254954 0.0
-0.7260721596858812 -0.45896572677998837 0.0
-0.25651702078940264 0.40967951570848404 1.0
0.9384551265117762 0.23488732769775028 0.0
-0.8678095409372192 0.5123916881907473 0.0
-0.08439438689369454 -0.47421530076893464 1.0
0.3530514326345184 -0.41568983306238283 1.0
-0.2737196088429217 -0.4890788224966459 1.0
0.390720259869329 -1.0356879475805496 0.0
0.10459428743373048 0.14391880381868022 1.0
-0.48795370091810586 0.6065900360439777 0.0
0.37538355051117583 0.48162270705351634 1.0
0.8502214223053024 -0.799642807269126 0.0
-0.748275359611423 0.17858847907752257 1.0
-0.7472551886250952 -0.6759443981966524 0.0
0.40911729718455636 -0.3046306682229305 1.0
0.34087892711654755 0.4681750319737971 1.0
1.5240973013797543 -0.5621593274802099 0.0
-0.36189297873871984 0.2765930781807192 1.0
-0.6780977753860398 -0.7114206707819756 0.0
-1.0198641488137972 -0.4656823344284398 0.0
0.062984988934363 -0.6968280059647893 0.0
0.018334950423516294 0.29669809153730203 1.0
-0.5038831438536785 -0.34104889572466895 1.0
-0.7627691018995629 0.622855056938389 0.0
0.00018280557873201486 -1.1559171196642652 0.0
-0.7521994474192005 -0.49563983848361576 0.0
0.43991571104116034 -0.49232026652763355 1.0
-0.5311341085550703 -0.9093986407505292 0.0
-0.31847225638722193 1.2345619963586236 0.0
-0.6753886149407073 0.1386421670452253 0.0
-0.03820400648542566 0.38195874316366785 1.0
-0.21114947318178548 -0.292492536991862 1.0
0.5078444239555779 0.6803381960983457 0.0
0.7237967802691965 0.15624398169337422 1.0
-0.40337384706369306 0.1441593207281263 1.0
0.8442948614900063 -0.4390608604913928 0.0
-0.638620858423417 -0.24475323954688843 0.0
0.8451933952397251 -0.5135992802695728 0.0
0.2982837247003628 -0.541641688408359 1.0
0.35640686052167303 0.06029006630579732 1.0
-1.0026519718419271 0.15133409750027094 0.0
-0.01768093328750772 0.37551765575795387 1.0
0.8859522286277568 0.4715047039884488 0.0
0.12299150682611319 1.4196275358386297 0.0
0.738684411492239 0.04676627872992811 0.0
-0.9970301337955373 0.40599812771058474 0.0
-0.46612825703857247 0.8053170871546143 1.0
0.8477894923567113 -0.09845485279800047 0.0
-1.1219427240114739 0.5447537613380311 0.0
-0.21434294110444382 -1.264032399887042 0.0
-0.8996524780580908 0.4649785726381497 1.0
1.0303870039110532 0.24790080732195324 0.0
0.9619533356205676 -0.031075372295184145 0.0
-0.7634872915079334 0.747057778115864 0.0
-0.18870034695419355 0.8356316782928908 0.0
-0.44429782290971526 0.43960311125581686 1.0
-0.6642000910521852 -0.16401143795423673 1.0
1.0035260840223492 0.306955649662061 0.0
-0.5500556622168039 -0.03065723064747114 1.0
0.5462983483044107 0.6577159038954379 0.0
-0.31713995453920896 0.001742250507529186 1.0
-1.4254405370443326 -0.17203916620554505 0.0
-1.4372106982036337 -0.08346935885873748 0.0
0.9493309877382122 0.7973961956981653 0.0
-0.5439324383691502 -0.3781097957325254 1.0
-0.9360466354430172 0.5315416721982773 0.0
-0.44398674612320427 -0.15040868791320808 1.0
0.06271688721860424 0.9763921127026711 0.0
0.7971211797714794 -0.26237216643272354 0.0
0.6964799623591087 0.22575614843978134 1.0
0.11501068282744055 1.030064701930387 0.0
-0.6286039765122444 -0.5653243829762208 0.0
0.022065537718556696 0.3869829155195653 1.0
0.6623947405919366 0.4031500562106292 0.0
0.00742743334862922 0.3841848409341081 1.0
-1.14181749345293 0.2511460666192535 0.0
1.047504867697091 0.2180772636786762 0.0
0.22239135225445292 0.5495825709574294 1.0
-0.044361266048509984 1.184618052351679 0.0
0.036539434106544845 0.29610137728103125 1.0
0.6770211173259362 -1.159289218173735 0.0
0.5108707225481617 -0.05138588868488844 1.0
-1.1198737776062682 -0.08403824805042096 0.0
-0.8300034256087492 0.32306797146723176 1.0
-0.543442486291078 -0.2228579786532588 1.0
0.5456159587782552 -0.066156083442273 1.0
-1.0218340472975103 -0.2849928574209602 0.0
-0.012826469220956788 0.1937429283059749 1.0
1.0518146946199312 -0.39925094881724355 0.0
0.669454881579876 0.19665030745651008 1.0
0.1643679251665237 0.7388305432277125 1.0
0.4908969508043675 0.6074277384438967 1.0
-0.4690239839022475 0.33004524449832323 1.0
0.05846208666313796 0.08904964545704608 1.0
-0.41794171533632823 0.7342213813250547 1.0
0.5657828319832331 -0.4218226493713512 0.0
-0.5308927533906477 -0.2689006930873276 1.0
-1.0161478182440618 0.4352849656114634 0.0
0.41965593954711566 0.3417243741902978 1.0
0.614996729122743 0.1504236829663846 1.0
1.1694858525253615 0.3529730547836729 0.0
-0.3307446794419269 -0.8699481778852912 0.0
-0.5301835345137925 0.803862005388221 0.0
-0.9445337553934456 0.5768957014414701 0.0
0.1133242290078933 -0.5132169300496652 1.0
0.06204184338058995 -0.44138665527568555 1.0
0.7681543777634317 1.2113759626148561 0.0
-0.8676195644044782 -0.1170630891493332 0.0
-0.2590314937540434 0.052224913751664215 1.0
0.04298322187031239 -0.05239635935249515 1.0
-0.12068031732298123 0.028359494842591468 1.0
0.4545980360393604 0.880288868436685 0.0
0.3534610641333286 0.4594719303245765 0.0
0.038029335282913246 -0.9188774852042718 0.0
1.2455620860043985 0.23498458716017942 0.0
0.01881057383176736 0.7069190278052897 1.0
0.38473398759438976 1.0679653553237518 1.0
0.6886289058121604 0.005298842631813183 1.0
0.49239090193989543 -0.8977369796493845 0.0
-0.8842276871885248 1.066560455225856 0.0
0.1134438605787004 0.5306310797705281 1.0
0.870782720700001 0.1764476283470481 1.0
-0.8139116476752174 0.2965946439419016 1.0
0.019957447332710473 0.15541267569588485 1.0
-0.38339077199029503 -0.9676029602924155 0.0
-1.1734767402791635 0.5543895529704119 0.0
-0.9665631905743637 0.17843825683776882 0.0
0.28997084880910723 0.25604751188683866 1.0
0.42294203680108544 0.24958375776055655 1.0
0.7740111654537108 0.2351390807618588 1.0
0.7971472510585967 -0.7582142259250401 0.0
0.03345695341034147 0.28719650041000366 1.0
-0.24308623657726072 -0.20021402422585288 1.0
-0.6401072544809668 0.5188033043576289 0.0
0.17909881985965065 1.4389563309965858 0.0
0.9206046872544511 0.5933048302917319 1.0
-0.6105906314741131 -0.7148250939840812 0.0
1.148196137653135 -0.09433368853808949 0.0
-0.8576709365720607 0.15401005380257377 0.0
0.15274300489683845 -0.6717496452481082 0.0
-0.5195067631349617 0.6626941841402417 0.0
0.9525581960286388 0.44609720240279516 0.0
-0.1677393104227337 -0.17237126626310778 1.0
0.8122829063990112 -0.9543258577828663 0.0
-0.06764996450000589 -0.7915382724365647 1.0
-0.4227180861282286 1.0025583994857215 1.0
0.018253039273941587 -0.22385637284006216 1.0
-1.0020298886098598 -1.0024151518101063 0.0
-0.4141135481184737 -0.4756784375172868 1.0
0.5323894005492728 -0.16640545551726674 1.0
0.1279573106616543 -0.2993799464901485 1.0
-0.7854574133025611 0.14628583850838744 1.0
1.0052898772387406 0.026819548625082568 0.0
0.006747383655009154 -0.7083432873167139 1.0
-0.08011839543098027 -0.23818070084760343 1.0
-0.3575920269553792 0.6492343766564862 1.0
-0.00694985155360206 1.1139222124209487 0.0
-0.8575484964815367 0.21896664783375486 0.0
-0.4989168345869943 0.3989268327679542 1.0
0.7980536381044232 -0.12953433150588586 1.0
1.1099495788895488 0.35357749245736597 0.0
-0.1728618144618841 1.1483978170499298 0.0
-0.3207174604297237 -0.9086281032310305 0.0
0.3856869719415887 0.12740462032777308 1.0
0.3800504760802815 -0.08306209470848513 1.0
1.135536145275286 -0.20479904705800572 0.0
0.635628352915919 -0.09179223554674037 1.0
0.3545369583346911 -0.6941628700846652 1.0
-0.531545724335721 -0.3390522296413587 1.0
0.1045520817505095 -0.2426635368361967 1.0
-0.6979044448949427 0.2994033194913852 1.0
-0.20670664115275472 1.0058956959426535 0.0
-0.30611488110570517 0.32272484961079373 1.0
0.0006736327307625967 -0.3775675159060446 1.0
-0.17885942646578176 -0.3934539044987575 0.0
-0.9502271405279114 -0.1512148777704017 0.0
-0.2619067244160121 0.9375370840831013 0.0
-0.5666413799404557 0.40066141762445795 0.0
0.21383861101897905 -0.7987435629140507 1.0
0.31017614691378637 -0.2344044667564946 1.0
-0.4143537374018115 -0.755567085761887 0.0
-0.3215161237727895 -0.9030028138268962 0.0
-0.23074912617852816 -0.342840177266704 1.0
-0.21467837492181174 0.6382745540161883 1.0
0.14664079909089234 1.017079025652926 0.0
0.921357179251105 0.2646654521460158 1.0
0.6245409831186388 -0.2820191425937799 1.0
-0.3109985110889917 -0.21918307078898994 1.0
-0.47274857458484926 -0.5415565039024905 0.0
0.7273650829103048 -0.40976655919908855 1.0
-0.14940525455698206 -0.600444922920545 0.0
0.522268322313415 0.8900586872532672 0.0
0.28198215065334675 -0.18548799946297645 1.0
-0.20535144351664197 0.8732906418550844 0.0
-0.517369417512817 -0.9974406139812145 0.0
0.6532562819777534 -0.2975325476625562 1.0
0.10316929111720835 0.5699876511806352 1.0
-0.5060540990650935 0.8513535471932567 0.0
-0.30578982968740204 0.6639291244504758 1.0
-0.294585524369666 -0.5125449962651935 1.0
0.24222324080833132 -0.8465213536195302 1.0
-1.0200352741060486 0.004715132833246316 0.0
0.007948396161419985 -1.1022959348313606 0.0
-0.7895508397677078 0.3214377513149523 0.0
0.5542711835873857 0.4180560033334195 1.0
0.17480580507972296 0.48584905380851595 1.0
0.03601801206887406 0.017772960422381023 1.0
0.3250854654217273 0.6867172061202208 0.0
-0.2594180246525679 1.192685721095503 0.0
0.9402943748988983 0.03638056200304872 1.0
-0.9476066165191624 0.04833630221328722 0.0
0.5928114870422365 0.4642771473530152 1.0
0.09033012695205972 0.7299887336625821 0.0
0.2300109389021578 -0.6676865432231154 0.0
-0.2617717636583361 -0.5710070130975933 1.0
-0.6720472042134663 -0.724970689481908 1.0
-0.5456743378004191 -0.010589243479199803 1.0
1.0421480328694774 0.41005888657211287 0.0
0.8017395678246186 0.7453313406149639 0.0
-1.3720457751242678 0.16213557868579115 0.0
0.5223570728737359 0.01845770145515624 1.0
0.25742251520144804 0.32542434488589317 1.0
0.9064154619689252 -0.08277940766079661 1.0
-1.3225697376229797 -0.06591152116685792 0.0
0.10823450078970967 0.2736061860856154 1.0
0.274585405041594 -0.9757525190214706 1.0
-0.011167990598053346 0.46898644823907587 1.0
-0.18016662128297944 -0.7038662376156964 0.0
-0.9540400746999274 1.0848347385144859 0.0
-1.0163664782170492 -0.9955620972014972 0.0
-0.7811267570453427 -0.11563014320222426 1.0
0.22293449815189498 -0.12120793940649005 1.0
-0.6204562707250528 -0.22258678057340336 0.0
0.27768417211383417 -0.40482429331719033 1.0
-0.29936352134735295 0.4920573527251018 1.0
-0.4106517957702756 0.6928202431775893 0.0
1.1422612389448679 -0.3781043596492261 0.0
0.5293889375800946 0.756706914424542 0.0
0.4893945881043194 -0.939615867567853 0.0
-0.746554131824871 -0.5522425620113891 1.0
0.30126244561008875 -0.25888674133850426 1.0
0.7289742945550431 -0.734987868051163 1.0
0.7194440326287604 -0.13083507964520408 1.0
-0.7533381205367092 0.21661214660731953 0.0
0.1605476968910905 -0.38542778622795104 1.0
-0.9086105436006859 -0.2755082423257637 1.0
-0.5619125584689934 0.811196994668041 0.0
-0.29277052445049134 0.35852244527512456 1.0
1.0510209219409272 0.4267517052380579 0.0
0.36753443196816715 -1.233285484085311 0.0
-0.10426491919415798 -1.1346809826551398 0.0
-0.45861420925913443 0.5151782025986165 1.0
0.1445066850980538 -0.8560093971653856 1.0
0.12955481856331805 0.9170171891132202 0.0
-0.878765982913505 -0.5048772869939546 0.0
0.27284373165612746 0.261036401896055 1.0
0.07860929660148958 -0.7146676865346383 1.0
0.30035431097194837 0.2422720047563572 1.0
0.20603658553832022 0.7360029979310438 1.0
0.24928856370634547 -0.2932422268439474 1.0
0.5925808790978642 -1.0249422673270507 0.0
-0.9970801983537443 -0.3985596932583104 0.0
0.7817347679144843 0.45756914419258754 0.0
-0.06645364750901711 0.7462000299155707 1.0
-0.5835223847095468 0.492716668530627 0.0
-0.7677497093934051 -1.1086879504821552 0.0
-1.2142418958998193 -0.6262842061162661 0.0
-0.17045873361469654 -0.8612896465621989 1.0
0.586601463529416 1.2697461114411148 0.0
0.3231780147227577 0.16593827250605878 1.0
0.40340225790953993 -0.29714965934026355 1.0
-0.517731304597086 1.0785089819486533 1.0
0.45290829026310564 0.3729218656635151 1.0
0.03871246334370157 -0.808220562022574 1.0
0.5179356389916174 0.9305121782920253 0.0
1.0825292190566722 -0.37822724271137315 0.0
-0.6166254121201993 -1.193842018488651 0.0
0.016578684254959203 -0.9479819841981837 0.0
-0.21139857075643043 0.6702597152731863 1.0
0.19885813803997482 -0.7660646690735394 0.0
-0.23805899530613683 0.07345036583180808 1.0
-0.3193677818230276 -0.6408747609298586 0.0
-0.7486938980810721 0.06739217323447991 1.0
0.25969214631829207 1.194242980710534 0.0
-0.3143304599513366 -0.718613706512533 1.0
0.4752774127616769 1.2916658123074536 0.0
0.352359525593271 1.0892617649913405 0.0
0.09462595100988147 0.22120906215041192 1.0
-0.6569036888921258 -0.35952678826340734 1.0
0.8247813362446547 0.07063495555931573 0.0
0.503557453250137 -1.0816856433708115 0.0
0.46645646443871885 0.20545425053455463 1.0
0.25414347641043705 0.8161053536132525 0.0
0.43898256955305187 -0.8143445662508951 0.0
1.139675668323559 -0.79442318986703 0.0
-0.06598236381376701 -0.9495999568409812 1.0
-0.635691715420716 0.9891106130607333 0.0
0.1919499582421963 -0.5006918681045716 1.0
-0.8682350668579455 -0.8905114778399701 0.0
0.4958306147410168 -0.7618233259643182 0.0
-0.5737892504073986 -1.2085137818739131 0.0
-0.4855706961439819 -0.41897352359319623 1.0
-0.6868745109416596 -0.2031163953828058 1.0
0.15050547071889264 0.6653812931534071 0.0
-0.3002595502177918 0.601892026902723 0.0
-0.7841252751023058 -0.5321715378006021 1.0
0.20976482300532112 0.16011368088732728 1.0
-0.9305841742848072 0.12336143984424824 0.0
0.6850284587521795 -0.5273667380044633 0.0
0.3720282838987107 -0.016363094286194646 1.0
0.7542016149560428 0.023691532132283477 0.0
0.1896313621650473 -0.39386560882243216 1.0
0.17723450838554478 -0.5701164675474819 1.0
1.2430640906463393 1.0873824403749657 0.0
0.2868580589101352 -0.24382444066916314 1.0
0.21614948487322685 -0.07737786352516873 1.0
0.418726437410005 -0.09608516787423338 0.0
-0.24088460855754695 1.3835852548487986 0.0
0.19427185759762328 0.6268894430630859 0.0
0.27784611109616114 -0.2102647144988446 1.0
0.5871590041207332 -0.8690049112379026 1.0
0.9572339899185961 0.08287494284365227 0.0
0.8655428344266503 0.9056935029205299 0.0
-0.8701262579279959 0.5506813921158447 0.0
-0.9785118585695933 0.08588762632903724 0.0
-0.018641606171860947 0.4998020215383906 1.0
-0.5393687868489356 0.15475296817523193 1.0
1.0760250989170776 -0.23744191138030712 0.0
-0.9816318779122782 -0.24589380615748946 0.0
0.9348180843798286 0.5595762975101894 0.0
0.514329516341892 -0.007073702931583524 1.0
1.2336838440059437 -0.18356968504464483 0.0
-0.45435744714780274 -0.6751570873815834 1.0
-0.21876024206942657 -0.5752935999334079 1.0
-0.7010688619182393 -0.9260093653072788 0.0
1.0107965396571077 0.22278639111957776 0.0
0.4521357006012581 -0.3191801765286026 1.0
-0.10721170715326706 0.17622866679801807 1.0
-0.6197466024765642 0.09449531087372497 1.0
0.6127753873980384 0.4473677947971495 0.0
-0.24424118711991555 -0.342927813272901 1.0
0.026521976284879067 -0.02584239469828975 1.0
-0.41241940861323506 -0.3535495438430797 1.0
0.08248838210949466 -1.0114112411686231 0.0
0.2572603631474276 -0.1457186092560621 1.0
-0.02101488684685071 0.24614086534510396 1.0
-0.6383587882436145 0.23356589814519904 1.0
0.48588677724633234 0.7616988306085386 0.0
-0.4727174648440105 -0.5863214235975991 1.0
0.10033811389347985 0.8975256611022194 0.0
-0.4001976242591531 -0.023395898458272557 1.0
0.8974504912475953 -0.319166814471162 0.0
0.62437339890303 0.37559992883233173 0.0
0.0922041418467262 0.46432266008935513 1.0
-0.47985394346566923 0.9617676249250465 0.0
0.457187856433801 -0.514273889769367 1.0
-0.4461428887451089 -0.4628155972031607 1.0
0.3511593913770836 -0.6540715519601618 0.0
-0.22372394345552257 -1.5451213284452772 0.0
-1.0307924418505752 -0.5539530174971256 0.0
-0.49925832410569876 0.5033316228413215 1.0
-0.11169729633492215 0.5658935289355652 1.0
0.9857084230549272 0.7257957365820601 0.0
-1.0439010261532695 -0.22691784986161426 0.0
-0.952007607773166 -0.4090276288628154 0.0
-0.1350995614773782 0.29910214157292847 1.0
-0.09613038338943952 0.15837927264139334 1.0
-0.5303815048123361 -0.3920002508493304 0.0
-0.31720233705827444 -0.9669952130543664 1.0
0.8477986276478906 -0.4218785079195332 0.0
0.21568604654212714 -0.5623312853964013 1.0
-1.3567882294537734 0.025217109005259093 0.0
0.6442490982843123 -0.6902510938400636 0.0
-0.28384678121864615 0.8027428168525342 0.0
0.3522148461918104 -0.14023830527154282 1.0
-0.34791517379356196 -0.4358555260283389 1.0
1.0840308386794957 0.09913674098223597 0.0
-0.015664392945433314 -0.1808906204744946 1.0
0.8380239973131345 0.5972060086944972 1.0
-1.2328052312571591 -0.4678128775831987 0.0
-0.20888591586875638 1.0159534662702099 0.0
-0.7369740538194547 -0.39123963373454823 0.0
-0.44920948403320243 -0.3712574253182001 1.0
-0.09462772176948567 0.1909718336974554 1.0
0.2438191215846716 0.93813305050559 1.0
0.9301145327957713 -0.8577835492280623 0.0
0.5877704339310377 0.3399696394608976 1.0
-0.5671187677587985 -0.2474194150964813 1.0
0.4953479149054083 -0.39708272593825045 1.0
0.154262132461309 0.4412883030277208 1.0
-0.8648784892221196 0.3497400341178673 1.0
-0.8649800050021386 -0.7718773874560072 0.0
-0.033827546833973765 -0.2629377571226456 1.0
-0.2067435058680701 -0.8211867673840928 1.0
-0.857585853067685 0.008477004343663663 0.0
-1.2809108404727827 0.22584899595626964 0.0
-0.25321694541825457 0.8989295928140795 0.0
-0.16055647231561976 -0.0031017307144555577 1.0
0.6227652449240912 -0.47493737613390913 1.0
0.6718511174123709 -1.104092841209516 0.0
0.38189206206652937 -1.3001596393703754 0.0
-0.42956688676531674 -0.864038864385656 0.0
-0.8323921134569863 0.44097281613926226 0.0
0.6610808656585295 -0.7878861247205443 0.0
0.7137242504728805 0.48678327084184025 0.0
0.12137831952845204 0.9217350910718686 0.0
0.5867864561961521 0.43166646894539573 1.0
-0.4263416796707601 0.23173057035144523 1.0
0.6327937507484195 1.5294640526052232 0.0
-0.6766744394592763 0.34392617501001965 0.0
0.767115854037911 -0.25683081452774137 0.0
-0.3358160875609247 -0.7614622385433181 1.0
-0.4137097257355844 -0.8418568762858212 0.0
0.5786592936847358 -0.3063530263183672 1.0
-0.6294560446751666 0.4555795800598609 0.0
0.20576792356431062 -1.0682426626982346 0.0
0.45779283406918003 0.9707785329366126 0.0
0.21316801786327977 0.22005282635321927 1.0
0.707359763867997 -0.2320861933735695 1.0
0.32039331274091465 -0.3641347431104731 1.0
0.06554089423304829 -0.5702865387236318 1.0
-0.3636759986279702 -0.3274008510862076 0.0
0.47473477208354475 -1.1030996084151945 0.0
-0.05157225691523215 -0.7588372994493927 1.0
-0.6836321673060519 0.157290253611733 1.0
-1.0481650484733707 0.0416889990930433 0.0
-0.13613438270495065 0.7918295689562143 0.0
0.2811210419236849 0.5075569402164241 1.0
0.40718635080762977 0.3606339230716377 1.0
-0.8503120486821463 0.9688584609308801 0.0
-0.527568480932948 0.03130854831657304 1.0
-0.6586080531765852 0.13292834442923862 0.0
0.9014021239672039 0.8430908467351473 0.0
-0.20571967063012547 0.8099837294338209 0.0
-0.397648939136763 -1.429626149294642 0.0
0.6266916606326114 -0.17876646082618539 1.0
0.3589584381513971 0.388644757222593 1.0
-0.17679425897912174 -1.366257028832056 0.0
0.612433235602353 -0.1245633712804282 1.0
0.4010368928145649 -0.43905513227327025 1.0
-0.7419118324940405 0.22662539592018577 1.0
0.6547975470101415 -0.06550878072440125 0.0
0.8784609366148628 0.4361332793482931 0.0
-0.4981412520320793 1.2047148782858206 0.0
0.2533241881779283 0.40316063660079954 1.0
0.34143106731229045 1.2247681789369982 0.0
-0.6325808572276916 -0.5882722421647021 0.0
0.46210667716170856 -0.953051066503465 0.0
-0.7887035737952443 -0.6126329928881336 0.0
0.1274022495827811 -0.5315575877780147 1.0
-0.06034053320481697 0.41375429733458613 1.0
0.4558019358493263 -0.3939532639410644 1.0
0.23801837677466078 -0.6697600256600659 1.0
1.235805959028129 -0.3480414524207851 0.0
-0.35964385849405417 -0.19573783008206505 1.0
0.19318113758873695 0.47785408865597856 1.0
0.020373285714275033 -0.2987112338076834 1.0
-0.4429068728778414 -0.3532933546644933 1.0
-0.15091110549812295 -1.04005809252769 0.0
-0.07199555594667684 -0.6738093649025142 1.0
-0.6157933674029769 1.3701003211075578 0.0
-0.2189638741539327 0.13952105244760965 1.0
0.5762396501037703 0.300788181869277 1.0
-0.0978779529812821 -0.5795164074126866 1.0
-0.01680757520326651 -0.6934496139219433 1.0
0.33203994929869585 -0.859679466244787 0.0
-0.2719368485471404 -0.02107020125568232 1.0
0.2514591586598547 -0.890655252222215 0.0
-0.714473771493468 -0.15035946611684842 0.0
0.17896118964769345 -0.019528084210374108 1.0
0.34905371823139214 1.098649610754422 0.0
0.41739980765818985 -0.5683310597143321 1.0
0.49807989784312856 -0.21086315328242217 1.0
0.2011736632593331 -0.8891765711918092 1.0
-0.6968608475540627 -0.020632578269589752 1.0
-0.30056684464714317 0.6071895733234711 1.0
-0.27659581358467294 0.35910410409472715 1.0
0.08414957941587561 -0.4548453253537315 1.0
0.08656269638382211 -0.2632010527184622 1.0
0.818497432322342 0.5955321847396 0.0
0.195386372505284 0.8251609374004107 0.0
-0.43690221737994156 -0.20431548662774507 1.0
1.0154678707415 0.5140403652116537 0.0
0.08227916635502949 -0.2630287334808088 1.0
0.526550330418528 0.4830410060205075 1.0
0.7500154118405971 -0.9350633870422977 0.0
0.24982260852116886 -0.8406299898552934 1.0
-0.5885394445261223 0.20445741943511986 1.0
-0.3050881053092215 -0.04531886213067626 1.0
-0.48256224837303197 -1.253096629507697 0.0
0.36966242148967754 -0.0026642613882743027 1.0
0.28761772755824955 0.2963086482413442 1.0
-0.4271925668639019 -0.6990599456851994 0.0
0.2984228857166151 -0.03773519712605318 1.0
0.33738665469793677 -0.5697647297250772 1.0
-0.6775967076116987 0.3119755632534061 1.0
-0.3217861939718917 -0.7968957133330121 0.0
-0.7717850702581002 -0.8414547629250472 0.0
0.5381384864190667 -0.301961699139189 0.0
-0.8761190966476182 -0.6490100219151235 0.0
0.5963845051588959 -0.9545877965517594 0.0
0.6342813128035685 -0.09075139107510202 0.0
-0.35126519988756033 -0.18032130475829838 1.0
0.09992914079258061 1.1526326650264134 0.0
-0.87469882081131 0.2566361573520616 0.0
-0.33104804381121256 -1.1057873796115145 0.0
0.3695877098894444 -0.8336678500326207 1.0
0.7573647486661902 0.28027783531455286 1.0
-1.0649991309839666 0.16547957184734458 0.0
-0.21082948607259708 0.46026093313579447 1.0
0.5686970865073671 -0.3473211118660782 1.0
0.23370859391030474 0.9508683703080253 0.0
-0.8002635839349171 0.02044083121478 1.0
0.29006312007701196 0.3325291968924963 1.0
-0.13753825405662498 0.32971098732090276 1.0
-0.4183996374844259 -0.14472379874326807 1.0
-0.012702768116563151 -1.0241001100758613 0.0
0.13685419756781242 -1.1919684943348081 0.0
-0.6656539708870931 -0.12687728378214552 0.0
1.1681809096622258 -0.6324948918921294 0.0
0.18240082820615933 0.959059805468044 0.0
0.17318445855378983 0.15125908605444555 1.0
-0.6463998087977806 -1.0490347484883404 0.0
0.0256967625853909 0.40800150704091664 1.0
-0.7652316230089546 0.07295737094337192 0.0
-0.21253350281933825 -0.6759698726894776 1.0
-0.1439986545097064 -0.6369541322448808 1.0
0.05396591791117622 -0.5149323441739311 1.0
-0.31900028379576345 -0.654907928926177 1.0
0.647774867990029 -0.8148106461098505 1.0
-0.09278771090315219 -1.1301447797515838 0.0
0.7514696280482283 -0.34080443785979136 0.0
0.5824977498561786 0.7082592648738074 0.0
0.3959916346557661 0.937505135473004 0.0
-0.6976625927810713 0.46836837819902144 1.0
0.4387611149202772 0.041160338841049526 1.0
0.6215548260760195 -0.3123720674323027 0.0
0.5242963101046706 0.83922870823226 1.0
-0.05768384553311301 -0.0977973559992237 1.0
-0.24901179298316606 0.7870634286649434 0.0
-0.2569279993816331 0.2323371976578897 1.0
