0.07359259119369341 0.889116033222873 0
0.13188464649047485 0.9881339606834789 0
0.8720703633417565 0.24528435695292872 0
1.2175632380984551 -0.4853800652404773 1
1.278802419576192 -0.36778655759385065 1
1.725061389105588 -0.2801442824476312 1
-0.9536847479143938 0.4031381402467795 0
-0.49935381143560803 0.8166018634988436 0
0.6638205444036276 0.7814155493208189 0
0.06406893434682356 0.39727540153739177 1
-0.148271766186449 0.9404941545452841 0
0.42817804826700634 -0.4122290674119192 1
0.8302061587712728 0.6275843415115536 0
-0.9045574452406148 0.4320248459630094 0
0.9987736285826999 0.26370124394436917 0
0.8298181264668946 -0.48711516921877424 1
1.9562084771519124 0.16955292407223987 1
0.07945978955878952 0.07533149267746428 1
-0.8675515928500075 0.5244443138889731 0
1.444857512560824 -0.4497670117668683 1
1.4523621768089932 -0.3559597120353868 1
1.4524315980575189 -0.39743725967249655 1
0.7901818701320038 0.6768656482165449 0
-0.8128570438272293 0.2919508087023128 0
-0.9299507447765608 0.21510786746468002 0
-0.384942948010441 0.8772527997734855 0
0.9852909832559286 0.10458472146711739 0
0.03391840246207938 0.32893765193327656 1
-0.11721660607247217 0.9606073140847197 0
0.6964224980389953 -0.457850612932631 1
0.5521652901941752 -0.3657675412874878 1
-0.5674735011924699 0.8696092905314854 0
0.30298591372650574 -0.20972079942232144 1
2.0107100150618136 0.3912679829152808 1
-0.8649180739748383 0.6164810629237056 0
0.7908422041535903 -0.39365062285791813 1
1.5381918532558934 -0.37087301499039477 1
0.29494986729261297 -0.29340256985985225 1
0.8957589596818569 -0.4786254636180127 1
0.727600714107035 0.5362776320229659 0
0.15586319578251168 0.08142691461648388 1
1.4526867642379402 -0.33187417928859175 1
0.9312631462611746 0.18882456728192548 0
0.7201676574724839 0.6157416897837861 0
-0.7287684634573957 0.7123836356242023 0
1.6495940004396656 -0.250308969631002 1
-0.7633761366349675 0.5473890420786172 0
1.2139869997688735 -0.46693545940741826 1
1.9995372631645218 0.4158310119420693 1
1.1379853141062601 -0.5436332269096366 1
1.899598051524704 0.29728509809073506 1
1.1073384441248175 -0.46456087860267 1
-0.20983994182149837 0.9742218871469677 0
0.044968760384027084 0.012095372022794204 1
-0.5367043423709217 0.7798211964713238 0
0.05697523968322658 0.21158545326482228 1
1.315992320568557 -0.4033883430918918 1
1.9769266949032278 0.2534160410945979 1
-0.8904518837139519 0.12933867923369308 0
2.0469509905357 0.40993032271170093 1
1.4236408396680227 -0.301218583554681 1
1.2758934943713778 -0.46765307313176285 1
0.17850632094335414 -0.14143620430028334 1
0.8210008096956254 0.4569736378083788 0
0.5215123338457304 -0.47342153157104166 1
1.748554863027999 -0.10152002575167107 1
0.7858059891022136 0.5843656735772269 0
0.08606336334841908 0.12913208883516325 1
-0.7343778174511862 0.48665679207723533 0
0.4298086553274998 -0.31837608651945976 1
0.08096597814541254 1.0397488391335974 0
-0.6530090129606815 0.7297815304901049 0
0.029548246021016994 -0.04860148283875483 1
1.3782286514183757 -0.4506596496341884 1
0.15578938559979283 -0.10822328244933109 1
1.0135789634533543 -0.4933014159215006 1
0.1251424174350248 0.9206359748402259 0
1.0317052523513297 -0.4185044507992912 1
0.0827695722347882 1.1081759715727428 0
0.04769164057119504 0.0369335145512851 1
1.5706489199095728 -0.33388378020338916 1
0.8886645765227675 0.2693714421248443 0
0.21337087085905082 1.0069628838073532 0
-0.6181231271865542 0.7653258785288405 0
1.2926113203541483 -0.517083509897935 1
-0.5586930978035167 0.8248767985803178 0
0.12612976638916104 0.04830280858577995 1
-1.0008011338121685 0.09104186155048426 0
0.34375699149782646 -0.2787703012749079 1
1.4696779205841353 -0.40323718883688153 1
0.02533617966807869 -0.0010740097191396653 1
0.041023488932955425 1.0263689812237828 0
-0.35889934823217645 0.9536821344633643 0
1.9313011630082633 0.16898360325924022 1
0.4017168659909952 -0.24242142547826956 1
1.9987615287605887 0.3900592540417282 1
1.7487059477300693 -0.09679616223355782 1
0.2891680031334578 1.038728732570576 0
-1.0276446080326687 -0.011636091593070073 0
1.9015489736338855 0.026511732798525818 1
0.7742520855667903 0.6504035302713237 0
-0.2303202691194176 0.9224844419770603 0
1.7482000926114112 -0.1524736224836852 1
1.6103647919508417 -0.3085935090098177 1
0.44189159363761243 0.9263793102214654 0
0.9773599868925615 0.2522789290123443 0
2.0144068811637497 0.5235205507292198 1
0.8630085730903819 0.4805951264460688 0
0.49793057713175226 0.9124656936318533 0
0.6477099092049854 0.8157693188373059 0
1.8724963474479863 0.12578001000707478 1
0.10399594205180249 0.23918121454234476 1
-0.7480574207433677 0.8109439855422108 0
0.017239378488453902 0.42254464184348106 1
0.9939740914199193 0.3901353631351748 0
0.7097412834877919 0.8002389527567865 0
-0.6926307824825756 0.8642754484208887 0
0.6412599208308752 -0.40292583131446374 1
1.51705584490008 -0.37476847036358363 1
1.1408735673554389 -0.5668287100662219 1
1.8778355825306923 0.009841709438812823 1
-0.9197690398832824 0.22748902632185553 0
0.62225452616126 0.8500766720232503 0
0.8576267469995227 0.15277631481435142 0
1.8561760115778747 0.4726148885757879 1
1.4430490492452681 -0.3982276750138421 1
1.0034559101127305 0.21949414710396048 0
1.0699651964650843 -0.40475945242189054 1
-0.923005864079517 0.386644998334129 0
-1.026112164402207 -0.01702303167216587 0
0.3875658223414888 0.8914630970353695 0
-0.23784622287202944 0.9383089778827476 0
0.024851761429383393 0.4870241973384938 1
0.9517023101687495 -0.47840395228363003 1
0.4641837420063231 0.7834703126188943 0
0.9120441978584021 0.41466084408962517 0
1.9886703276702629 0.24010966398733818 1
-0.8955764094351087 0.37627646951360877 0
-0.22271916442955994 0.9839033205235999 0
0.2001310283188052 -0.14712674272575527 1
2.02424420683116 0.4132803940231744 1
0.5651928792211539 -0.34381052842175996 1
0.6531134458595056 0.8392311192915936 0
1.7077534907421088 -0.1736550462730161 1
0.29166901514430743 -0.2052590610757522 1
0.24756769726034522 -0.15449892940434498 1
0.8223984855972158 -0.5001548340761467 1
0.277279569156937 0.9471757220472821 0
1.624064138322153 -0.20043605232124304 1
0.057025765504737064 0.05597475722103544 1
-0.07491289580757328 0.9950710867871354 0
0.2822093055151688 -0.18685575363944742 1
-0.17923598935593554 0.9515059586850801 0
0.0705416440365442 0.15606557526019377 1
0.829052098423711 0.5071969866744056 0
1.0112323893751245 0.33339188325221236 0
1.6280296097688824 -0.36395154654315753 1
0.35775977948685855 -0.228125483239172 1
0.1922853221254959 -0.02870418324231238 1
0.0481615503885103 0.11246866835721565 1
1.0051636158656145 -0.13778004245372677 0
0.3507212749505973 -0.27747870428814764 1
0.42335669665204917 0.8843355919994287 0
0.2239095521699517 -0.10061866214332764 1
0.9224727547549478 0.5244806033034612 0
-0.3730880578627912 0.9925923025208121 0
-0.9356329739641808 0.20490523509003294 0
-0.589359201835034 0.8772245072585902 0
0.5788221565784825 -0.3877503255133728 1
-0.5745372917211463 0.775047098103311 0
0.6539109549493056 0.8189053754689675 0
0.3975518082940151 0.9165191607071002 0
-0.859051903171894 0.5480034129535436 0
-0.796894365617835 0.5793315954081716 0
-1.003946981643488 0.45743558075151497 0
1.5724065043866529 -0.32979099687499336 1
1.2372294118712222 -0.47870663344899705 1
-0.8963460270068864 0.4831467908652902 0
0.6704255288426201 0.6766923362289388 0
0.5035961922194047 -0.3671819201840314 1
-0.9429228880399634 0.3369073139864083 0
1.9716605769595914 0.3349432091694872 1
1.7351728290493686 -0.15345377566091728 1
1.6874734262242133 -0.2945062665415893 1
-0.716988709942842 0.7373427496062487 0
1.984566453998697 0.294452256842304 1
1.5544303540780926 -0.29692699692494773 1
-0.4716310554931656 0.8964654820740089 0
1.5914911616114558 -0.32970837645141426 1
1.0265733721057604 0.4073926509381989 0
1.2123742382136846 -0.4741380755192707 1
-0.1187766952023416 0.9713499520851435 0
1.5292628307413647 -0.30075836064592726 1
-0.5663856692839404 0.8644189276566108 0
-0.9168845084940824 0.32515418054971745 0
0.7460792324426857 -0.4832853825527115 1
1.9806924958371401 0.38835371840967525 1
-0.7160106417931678 0.6728146041349401 0
-0.8409368909705751 0.3026508672351661 0
-0.7471209375530395 0.6149204309756926 0
1.617808205987976 -0.38097675238660555 1
0.2147612971171575 -0.07546168646969266 1
1.9338221879992568 0.3427652517230812 1
0.8283167873907024 -0.5157283748445394 1
-1.0021055871823474 0.032503228740811435 0
0.4919528645141789 0.9501262078436538 0
-0.30789730547738614 0.9628137731351233 0
0.5963795561454242 0.78812729502734 0
2.0447853141849173 0.5004426620951501 1
0.026202335016665745 1.0422791291069518 0
-0.8570030548367322 0.4730280112641765 0
1.1274668283679974 -0.43772803965041573 1
2.0299866489151914 0.4975474359857781 1
1.8501877348249474 -0.09737995257177967 1
0.19092293464233895 -0.1034707437715035 1
-0.03770848564964707 0.018473576878994022 1
1.3421059011551033 -0.33829268625110537 1
0.7887503433316886 0.5134587776548577 0
1.4116553227756738 -0.45152627660905753 1
-0.8303370982925102 0.322198231211383 0
0.6127156879699756 -0.30914258704811504 1
0.16026740870373643 -0.1555451664386984 1
1.1952690390809992 -0.4726458536883535 1
1.959346038234733 0.3583221950155965 1
0.5866672608169181 -0.42220607034775764 1
0.44433590413200996 -0.3207086792702111 1
1.6418372312173524 -0.27992775201003905 1
0.28326716352352155 -0.0706957298915142 1
-0.990994014374296 0.4345794731767251 0
1.7102480473536414 -0.27896299751931675 1
1.9301128152119835 0.07760159377513937 1
1.5936700465429818 -0.36316964964138154 1
-0.49343968200924593 0.8901625673825787 0
0.15795969050244982 -0.22145200717528746 1
-0.9299784928117091 0.16332835533068715 0
1.290652899690099 -0.5084752313103419 1
0.9391178080240309 0.28209737692325615 0
0.1572655054963207 -0.0568242152609619 1
1.6850497396572954 -0.24296914711060114 1
0.8059841367631889 0.5663626546125603 0
0.246593321671244 0.9713748848815066 0
-0.7895501426764909 0.6290111939545261 0
1.0298290661776697 0.22254958291116295 0
0.7840747379522558 0.7562022400152153 0
0.9693217032745837 0.10489434382205828 0
2.0183193227594423 0.43321133621235486 1
-0.31338758818148515 1.030382157938303 0
0.07250640900058988 1.0355947720839196 0
0.24939778906072899 0.9695027542551542 0
0.6674438543781911 -0.4946143199925644 1
-0.5379611443495423 0.7911801582441308 0
0.6661438279005801 0.7215344564467892 0
-0.6916607892019362 0.729171650796365 0
0.033383044599096495 0.4972985047461243 1
1.9633882370061884 0.3561042160878524 1
0.25849053436269775 -0.16502613741801686 1
0.761707469844781 0.6642955239826066 0
0.05230899850297868 -0.017283592221957966 1
1.8134914920997292 0.02679932993128467 1
1.9270027645788255 0.1173433097891999 1
0.5039825475014077 0.7951345552648283 0
-0.8752113684226513 0.3662536825115554 0
-0.877327543286589 0.26899587900956146 0
0.3195698081622934 0.975937009528795 0
1.5190150684533303 -0.3533364199625355 1
-0.9229016261157857 0.46894594776883775 0
0.49961784837673817 0.8602516105927417 0
0.2593845362475491 1.0463147993401374 0
0.22587001869944054 -0.24312888572244462 1
-0.6640723765177855 0.7906748467956609 0
0.34314052054806576 0.9441459308780975 0
0.5151479936832306 0.9807504185005677 0
0.5598584628057309 0.8690521036942205 0
0.9179229545548458 -0.4912774476600229 1
1.398780429330635 -0.408255034575404 1
0.047415130539388735 1.0183903859287493 0
0.7238547867122292 -0.45597114106101233 1
-0.17637561241159389 0.9787318968023121 0
0.6600793679386565 0.8446198303457593 0
1.0291417281191608 -0.4520437220090449 1
0.01873143540240075 1.0843915508342468 0
-0.022665951517930036 0.44939757868671987 1
0.4084003603575355 0.8304792884951624 0
0.18509893495287041 -0.16330012588112852 1
0.17240856339646116 0.9718634750406314 0
-0.7399186976902207 0.7380520705941266 0
1.1637927086318203 -0.5337223903302173 1
-0.6327347520074982 0.7413464105748587 0
0.9297260216898003 0.2873927522735755 0
0.984434395073148 -0.48360603334467217 1
0.9502188473225156 0.11514494276149907 0
0.005356458804874638 0.4792258636124282 1
1.9234076942298153 -0.0368133225588996 1
0.010203568452428272 0.15892215921565647 1
-1.0189806041724079 0.14444720067235828 0
1.2193083926288548 -0.4640264329451943 1
0.7906081585281657 0.5185888211175383 0
-0.8951382688751928 0.4867475043557556 0
1.036381494118571 -0.4494943787036947 1
-0.9843177406081993 0.09378948352674381 0
1.8455770890960488 0.08845132954464668 1
-0.07905238723889219 0.9416306977263682 0
1.7738692618418177 -0.14991205495889848 1
0.9947412712860922 -0.5707841033437719 1
0.29753150978906023 0.9055509121801371 0
-0.1550506229135576 1.095918478743211 0
-0.3783416179162306 0.8328530794856731 0
-0.7638543806997857 0.5754817968238294 0
0.8520413794769423 0.12143722993005698 0
-1.0727752857152726 0.23844061553054616 0
1.4031112758658943 -0.435908478531156 1
0.5196822774998716 -0.3593963359814961 1
1.019814595058603 0.03204010423207368 0
1.8369291726962014 -0.010042443779699982 1
1.8613806300410702 -0.14650795578723474 1
1.0646111254807338 -0.3944345802451087 1
0.8623598352490897 0.47475730823324586 0
0.6836789211938946 0.7109935949499294 0
0.8899670376400778 0.4857629470435929 0
-0.2463862813707302 0.936646610689359 0
-0.8141662088355848 0.5773704719027165 0
-0.3080766437413917 0.9879135651550276 0
-0.16811312353090324 0.9843108337205979 0
0.24020453971683425 -0.19697042296450323 1
0.852825103726069 -0.5147994401364229 1
1.6382236134185855 -0.2295057770201703 1
0.7701112362192497 0.4718021440986831 0
-0.21748232687203933 0.9215640275563771 0
1.3619335513306476 -0.39385191969604466 1
-0.46672565008374967 0.9801647436104939 0
0.05626210073210816 0.3319215986120611 1
0.40050885296100724 -0.3482601687336417 1
0.036699231828341804 0.26262834984730776 1
0.8732117632822136 0.5586176215037516 0
1.6714652224953557 -0.25799230571743625 1
-0.7636729518125119 0.5856156084915903 0
0.6115975973646436 0.754225915464119 0
0.9778977782397421 0.4185604176276832 0
1.8016926822982096 -0.07561231101082228 1
1.6465307819784254 -0.19947700946087413 1
1.8640583388449898 0.5252032089427621 1
0.6349367909933212 -0.47389623073281323 1
0.35004119509794296 -0.18655698830296874 1
-0.006542086464679749 0.2929615908240155 1
1.4337311320046102 -0.40754622686592823 1
-0.8966223379728897 0.4099945352683564 0
-1.012975803172793 0.12186970298754764 0
0.4174513885917157 -0.2405525717824804 1
-1.0044297637946114 0.16151972171477474 0
0.08721247691720685 0.24443449590358263 1
1.987591719427418 0.13006593828985707 1
1.7975248917804203 0.010255517050504467 1
0.3450455861619934 -0.17554958249177566 1
0.7682585616013902 -0.410051896658043 1
-0.765126007016751 0.7581585958791698 0
1.9481107289025699 0.45367199011854925 1
0.7750872398947338 -0.46863148963889667 1
0.06904583943167814 1.0484956328482797 0
0.9098592347702418 0.3916232768354467 0
-0.6160883705544637 0.7967510665194903 0
0.11150041758793128 0.10810954802060913 1
0.9580216765278781 0.3332856601562568 0
-0.4010339316922946 0.8643957197652512 0
0.934202661378073 0.507985508632794 0
0.9534504705700775 0.21428083008617027 0
1.561321808824436 -0.3203452059273204 1
-0.47609257197196375 0.859306513736978 0
0.9072341710994635 0.19968973047333896 0
0.9982725166830121 0.14328973095706413 0
-1.095773983624615 0.1259765060464579 0
0.8981592570040074 -0.5107958138494123 1
0.16299071239985927 -0.11955442578260689 1
0.720390305206569 0.8150790641080204 0
0.8668506814167671 0.6029761542868441 0
0.6224657672684715 0.7398350472037133 0
1.1506579320711985 -0.5222316350354885 1
0.8974105564801662 -0.37746160470832774 1
0.08726899397855017 0.20906890313472562 1
1.6769018801555489 -0.1310955420700491 1
-0.001697393861804562 0.37926315396681387 1
0.32518447430856523 -0.20819102721615182 1
0.6610504641774646 0.7081419156510158 0
0.7863417905139513 0.6212937233489702 0
0.7663430596535614 0.5702730257382428 0
0.34891371133446986 -0.21360937174210787 1
-0.594778252050612 0.7271732709230506 0
1.909162757465991 0.016932040422737472 1
0.12473162552543458 -0.08520295295275813 1
-0.7353021156602567 0.6882880442065005 0
-0.1907684046178068 1.0403968846930494 0
1.1690291577379104 -0.42797631681340764 1
-0.7234211875937916 0.7201220877997175 0
0.8335578867910808 0.493112827533085 0
0.24211515031436384 -0.0040690445146906035 1
0.9515435912449945 -0.4988449161300738 1
0.9287063158864396 0.1465782792089516 0
0.26760535979171773 0.9486506994178452 0
0.09290682266358985 0.48989630882629837 1
1.2989439935729827 -0.4333250994857036 1
-0.05016616805607875 0.9751203028043848 0
1.3634714051720822 -0.40330704687776325 1
0.2050157458471621 1.0286756385693003 0
0.8512147766900178 0.3358552342466199 0
-0.9010311926703368 0.3468747942071108 0
-0.6930487766867582 0.7820551339858149 0
0.6458185703217912 0.601655062248633 0
-0.04915136636175443 0.49331485107905354 1
2.0382121730154013 0.0828676798522805 1
0.1465325806922287 -0.03793517999098096 1
0.6462992735509616 -0.4387885314652635 1
-1.0281277558552648 0.05046315609567138 0
0.15562398435114982 0.21727011262778026 1
1.6187322798517922 -0.33620489847749174 1
1.3436145776016029 -0.44194006345066167 1
0.7153360740009141 -0.43117008730081174 1
2.0168629122766735 0.27714418817642705 1
0.37967611528786993 0.9690560459261942 0
-0.6115531363110136 0.8311574426973233 0
-0.87024443993027 0.24944545765719 0
-0.796651652571968 0.7228445611783992 0
-0.48618274596656824 0.9011061489882781 0
0.6419125139061697 -0.4594852613947452 1
0.12824027741917904 0.0324844246701388 1
0.212320945948834 -0.17127114358445522 1
0.5018235193954845 -0.38905308453165766 1
-0.779268490906787 0.5675134672925842 0
-0.9898130286676504 0.018672129771991078 0
1.4790528123079092 -0.34888486657417095 1
-0.5991809280511086 0.7850021235143754 0
0.6952441229974614 -0.4270653395359214 1
2.0375318518404004 0.33916384594639126 1
0.6890229122676298 0.6259203689378012 0
0.1555715323745686 0.05049018887277221 1
0.41055866475612873 -0.3054484428407451 1
1.0210037796562006 0.273159139851107 0
-0.0024081887669814006 1.1212957071576488 0
1.906834334377388 0.0659732066869816 1
1.1545091592721457 -0.43832675759268813 1
2.0488422811714546 0.13932166325083936 1
1.921510731365486 0.25073392567966346 1
0.8203508326370171 0.467358214981159 0
0.2592384717951395 1.0345896103229333 0
-0.08982394977169955 0.355646074732845 1
-0.17842896601771688 0.9837232084677006 0
-1.0394516639460392 0.10662638395436341 0
-0.013605936763662745 1.0908059255574751 0
1.7034066664073124 -0.1665138958688233 1
0.07372400619006542 0.27367214269071904 1
0.2285214343248085 -0.10020738920648432 1
-0.7271300240892427 0.7794888830308263 0
-0.916102630826668 0.49216455739704085 0
0.18884838478811103 0.9291592736560526 0
0.5223710528197266 0.868172815422192 0
-1.0346358732634162 0.08194867550189541 0
0.6283944014031814 -0.3899918880463885 1
0.38406006874580717 -0.2512140263357837 1
0.08447460392431957 0.08985517293144793 1
0.7325579751511344 0.8070311164441449 0
-1.0095810555452602 0.06282422386171951 0
1.510964118756162 -0.34018162145126757 1
-0.9727784409154436 0.24129380772588108 0
0.08951769786248027 0.0652135591344149 1
0.7529825962697967 0.6869431342591809 0
1.5015487270383876 -0.4586976985962611 1
0.8651487105748993 0.610225847649101 0
0.25186530719370787 -0.19509875190502293 1
2.017920650424418 0.3285142302484736 1
0.937697236785688 0.2894799469764899 0
0.03611923112255497 0.00418499985814135 1
0.17818016906409015 -0.10809522478377301 1
0.07265254332445967 1.0539607091643524 0
0.6320237312227908 0.7817419499951839 0
0.9747552108323337 0.3702488824205418 0
0.5368718734004595 0.8887592855014048 0
1.9966549458906608 0.40538305857661916 1
0.27369363091361215 -0.2658735373497773 1
-0.9062283304976131 0.43577631010774204 0
0.16695994145668266 -0.0065724376056020065 1
0.6690597597873282 -0.47325896574640897 1
-0.1706210900718417 0.9814026902516844 0
-0.5339466451335179 0.8948681125272557 0
-0.8318073430002573 0.5856728531430652 0
0.13732989601486037 -0.05273402550357631 1
-1.036541710721121 0.17373950372336344 0
-0.7774659089192827 0.739495393277848 0
0.13138016193029564 0.991967101096848 0
1.921105562658497 0.16087959450290729 1
0.6011872291880933 -0.45182498422005696 1
0.9986171949382331 0.008038036837025773 0
-0.2806259936441754 0.9546789784743106 0
-0.9479014004527554 0.5026885195048589 0
-0.790143597279948 0.6943350820690194 0
0.019371556120100122 0.10061425869466545 1
1.4602299509476198 -0.4151187617640833 1
0.02172654864002982 0.31240486572930387 1
-0.8649765702755543 0.5704984998466138 0
0.950269339775418 0.3600797450014101 0
-0.10614522115933281 1.0253989181871714 0
0.5758124915426212 -0.4405085428956262 1
0.4172689481622751 -0.34723764514804617 1
-0.09611040752157832 0.8983385780211721 0
0.21488042628965434 1.0491437460432227 0
0.6894235163731388 -0.5160267302683205 1
0.7516611665452965 0.6882801633880039 0
0.530561948891264 -0.3906923234167055 1
0.8916964664789822 0.30455950130129145 0
0.8290147895970353 -0.47622217265636096 1
1.8237945047251662 -0.08481528021043681 1
-0.4412721927701714 0.9074728461370478 0
0.15696903323798628 -0.05113857870771775 1
0.05248282780758474 0.06988485830427937 1
0.25566586668417185 -0.14518447051990999 1
-0.5964148990962559 0.8477794997406555 0
-0.9851939487348919 0.307082083270929 0
0.4149689614221723 -0.39042084660294113 1
1.3469093324868093 -0.3388573463535968 1
0.04796285481289506 1.118796562672943 0
0.7019475166221373 0.6270835804463056 0
0.16765823438503033 0.9924787614696248 0
1.00928807621865 0.45992366851209354 0
0.3651889008236495 0.9580137658953287 0
0.28812232538793126 -0.26385012033581146 1
1.6729005037722366 -0.3075654221473864 1
-0.8284833448972873 0.5429892960590633 0
0.46932170290136066 -0.3462216019151227 1
1.1593570404676832 -0.541935017855184 1
0.057720088911659015 1.0086512431993597 0
0.9547392059995282 0.012147031023797928 0
0.8171093306595649 0.635995772657167 0
1.2649848672248536 -0.5065428132250499 1
-0.7085953344335784 0.7560680337244715 0
0.5827314457498406 0.820327257595417 0
0.04372189589329834 0.24715082695597107 1
0.17940871415648396 -0.08502284418895772 1
0.0737327128266244 0.1748684767410125 1
0.6619297642072032 -0.45687065254921366 1
0.2741813372631287 0.9274262631289711 0
0.0004927382332116162 0.3124583750303422 1
-0.6272568722985941 0.7752721370082576 0
0.3767236827104457 -0.34714117309770753 1
0.009970365751582997 1.0533820473631894 0
0.028801816385547477 0.040874394044937326 1
0.19259584583469644 0.9514604824742092 0
-0.7241600459924334 0.6572802039655529 0
-0.3241876122563483 0.8786069205516859 0
0.8986185224593282 -0.4831673116618861 1
-0.955192464093778 0.42634646975682877 0
0.4776574132747189 -0.26566179664662304 1
2.029975640099404 0.08187416886811628 1
0.9001535694695014 0.08752755602898904 0
0.9540249819518303 0.07671417157991106 0
-0.14012724072221655 0.9694012087027649 0
-0.7016416153057521 0.6754174674397194 0
0.8974841856526354 0.40054371382642573 0
-0.5312128240135657 0.8176721051442202 0
1.0037231382555423 0.10449191209847383 0
0.41463641457848804 -0.2868343869021374 1
0.9687615485851649 -0.3906715201569171 1
-0.909991910034528 0.4357855393497587 0
0.5270662956120694 -0.46168797935760414 1
-0.5123560361185832 0.9371931828437899 0
2.0031555205255644 0.3849280274165874 1
-0.3689289668476757 0.9876072764377071 0
0.012422452491509858 0.24877527383732562 1
1.8795860115032208 0.2220091860939315 1
0.15360289454670545 -0.11220115724620211 1
0.3388522240641281 -0.29654802261824176 1
0.9550396185275936 -0.4467834658828876 1
0.14862925662548157 0.1136279809793794 1
0.47157632290430546 -0.4107938892367846 1
0.6123633184198886 0.7176374169756502 0
0.1378704227593959 1.0382544099243478 0
0.7080176681880398 0.7414048960960193 0
0.27970714061239055 -0.2110452342616113 1
1.9038026736327829 0.16195305635172697 1
0.23511232536673332 0.996032692474804 0
0.9712546811850596 -0.4520676207461783 1
-0.5605368950971032 0.8388217801848616 0
0.6375639843773478 0.7314091732867869 0
0.5903471170007147 0.7668175313633274 0
-1.016525566834304 0.31868862872990145 0
1.0125473702666756 0.37436956583829 0
0.9311053529040938 0.42298448571978137 0
0.43931278714642763 -0.24745334806214025 1
1.055662272043168 -0.505303683871299 1
0.6609580452354116 0.6329601245050406 0
2.0222620698673732 0.39777373648617215 1
-0.8992505754101366 0.45827383000362315 0
0.4935110992202936 -0.38697343373596094 1
1.8637787768792113 -0.100683432477844 1
1.988799121585935 0.3876567894846022 1
0.2926187611387524 0.9453948126463253 0
0.0002738580555730133 0.9776653900839856 0
-1.0118823435300828 0.17540493896258544 0
0.980693288558629 -0.5562654361147502 1
-0.8838018952122972 0.1781084265440352 0
-0.13790404377946647 1.0202947301868386 0
0.8517278990016633 0.2911974501651673 0
0.28121974357615787 0.9384453137353966 0
-0.9827438257236287 0.4008904537052362 0
-0.9530135106363481 0.11478869812981146 0
0.5749406724118512 -0.3495989206249979 1
0.3535588055286394 0.8757515369405267 0
0.7682693659390102 0.7315841762415201 0
0.9935917229352926 0.15597957769225285 0
0.7135971695900063 -0.5401265513747859 1
1.4285045967393146 -0.414964650527394 1
-0.8247234687053239 0.47670450333535647 0
1.8486069345009237 -0.00010078442755132554 1
1.5722598619028112 -0.42503943704687874 1
0.25509230113879966 -0.08207246705262332 1
1.863464201457116 0.07052183667341871 1
1.334128671171843 -0.41523642043422737 1
0.8992062055046248 0.500814018740301 0
0.9054653134628874 0.31396975915078473 0
1.97443288167506 0.24711676289884438 1
1.3021335066255786 -0.4646572842224656 1
0.8696075670238904 -0.49561523213999836 1
1.6945305511297528 -0.1554531572175895 1
0.6461796756898437 0.7255324601782437 0
1.716942186606273 -0.10859807707462019 1
0.9155521528893338 0.3205663695203755 0
0.05520810056198228 0.19039527189627156 1
-0.46730339670551774 0.9234377666306854 0
1.9142761816964602 0.08466326588549648 1
-0.20568838146380092 1.009392390810659 0
-0.28056014104624977 0.8920800062477717 0
-0.8898750067341501 0.45768472719887704 0
-0.7280615469984946 0.7734269978488725 0
0.04264901927001088 0.47422500904667547 1
0.11100415302752875 0.9977973903667432 0
0.06335285832248118 0.420500202353309 1
1.6987709099113633 -0.18914526145202828 1
-0.5177947312397808 0.8518662219845314 0
0.2691280924116806 -0.3276271032393259 1
-0.20180271974818484 1.0723879461717891 0
2.000225528979771 0.42018043021271534 1
0.9701488363905127 0.04674766982806007 0
0.626704124606491 0.7095037049847295 0
1.9248384260463487 -0.0468945184498516 1
1.0061366269771734 0.11384524764326281 0
1.0534848079011705 -0.5999498662521872 1
-0.7143796816271204 0.6922940892902737 0
1.9134592407613564 0.019018267170674657 1
1.0402537770300493 -0.4497612235785742 1
0.12078046818988922 0.38000198539315483 1
1.058339738013991 -0.4591289356746282 1
-0.006602315422160145 1.052245485211714 0
-0.554054372651206 0.7964140379730953 0
-0.5207036570747055 0.8074692807901936 0
1.7293150143042273 -0.2657360157473093 1
0.9141364707679105 0.11336566684011998 0
1.7204326217397605 -0.2497139407455076 1
-0.9436504036382076 0.19235053962544968 0
0.6914936478742467 0.7517578686244736 0
1.7815794315157323 -0.02893993496985501 1
1.854942677139296 -0.06594990714219728 1
0.19748729557789904 0.9423638972445363 0
0.8800973435749949 0.3982754725002217 0
0.3356847748868681 0.8592704466897457 0
-0.04375383564046796 1.0171517598144884 0
-0.8575334383191848 0.46330980950912815 0
-0.4305446336862604 0.8884540556455935 0
-0.6815883261716642 0.6905026621269051 0
1.0101588883216381 0.12964993806443048 0
0.948803495791934 0.3336921134906748 0
-0.39129386697674484 0.8747192186415157 0
0.23345192589908004 0.966313769577719 0
0.07804524998537231 1.1171809989576933 0
1.6908405236417337 -0.2316213024696486 1
0.8108697708153023 0.6487728644729095 0
-0.08585328526150608 1.0254708332317157 0
-0.9296173261524079 0.23599702326703215 0
-0.7393443202822352 0.744397349296133 0
0.44320102740575373 -0.3547502838118485 1
0.6151773718000308 -0.47787404357404034 1
-0.06231134783260727 0.5409504367456982 1
1.5002752801242976 -0.3261219464017509 1
1.418455553254449 -0.3532682009346747 1
1.812923697071808 -0.06830286407214407 1
-0.014806558395617727 0.34870712504047097 1
-0.048389723361284775 0.18566136782367426 1
1.4396684095731103 -0.3520559477194051 1
-0.6177286731357203 0.7236610128270008 0
0.1225413034319097 0.9912985034164811 0
1.4714013730453082 -0.4331750604264957 1
0.10504975142089262 0.10606539421658834 1
0.9708112060125083 0.3109455196684108 0
1.0060974308752648 -0.5293252072223497 1
-0.9475557978268383 0.3223270590889665 0
0.7737440144129683 0.7680766314035222 0
0.8660013821105444 0.47303067623882233 0
-0.020802264388723103 0.9599233462669367 0
-0.5308890935414519 0.8006107182317947 0
1.32487802780153 -0.39139412543444246 1
0.012829077677499544 0.2967921008898847 1
0.5699212491221382 -0.4324742872777897 1
0.8074829341987098 0.5919168612906377 0
1.1781548336687018 -0.46379983552038934 1
0.10684998663127497 0.924885129099825 0
1.8674490215739827 0.06132736706609858 1
0.2048532256247767 0.9506292663519954 0
-0.9770608342737748 0.3128339184959411 0
1.2942249446558012 -0.46828390712599033 1
1.3432602737098933 -0.42244206952619157 1
0.3220547178588377 0.9745443568285724 0
0.5201299772507951 0.7368253213748571 0
0.7611132416426274 -0.4857380333550793 1
1.924193024589034 0.1366052253350826 1
-1.0243116776780432 0.1068912549352877 0
-1.005755292098999 0.19295437202510668 0
1.513635537225441 -0.3518934034662864 1
1.0318289540486267 -0.5282352050298273 1
-1.070748580412072 0.027512138174161396 0
-1.0053855960953166 0.021931008748347358 0
1.8917940842632457 0.23748256740632448 1
1.9523332024010307 0.2519813774859579 1
1.7904310975678916 -0.13281192204537168 1
0.9643150738194853 -0.512361327598174 1
-0.04795734232843185 0.3786903974013529 1
0.7741067731790663 -0.5076710970169195 1
1.8269649178463607 -0.18266483266692948 1
0.4170313221809874 -0.3368443872916513 1
1.2533740198299126 -0.5058384786577806 1
1.9321648994497014 0.27098275890852275 1
0.9215522394592155 0.202506460375018 0
0.9906223952815068 0.07898874311937937 0
-0.5595656051038558 0.8959176985042883 0
1.0481275247518496 -0.4779618645444063 1
0.8567513141393092 0.6117026742299352 0
-0.9392039792449418 -0.005508141490736987 0
-0.6983828717501795 0.7865002766753593 0
-0.09510022133303557 1.0309160778659094 0
-0.9204454031033559 0.33959797958046894 0
1.956813972553707 0.28795143764199216 1
0.4371726878285813 -0.2926605423256119 1
-0.48161939871537107 0.8856007048820935 0
-0.909439120344182 0.4877731785677255 0
-0.005636280947058984 1.0274843657549015 0
0.07358171448553136 0.17963162187723386 1
0.06997893618690482 1.0218345288562563 0
0.9306640573053877 0.44480093864458015 0
1.862690484878967 -0.10611039126032129 1
0.805912018225634 0.4531648940878578 0
0.42086136154835 -0.3463291419656311 1
1.9469131211266313 0.43646606898548806 1
1.7862453187201977 -0.06699335412322882 1
2.0420705188333854 0.2498504099105184 1
1.933228046259538 0.04917521048650535 1
1.8410196573358388 -0.14708145478566942 1
2.001623106912562 0.5304623354577785 1
-0.5093279401338301 0.8349040572124323 0
0.047133313765781025 0.2853435672673625 1
1.9916614783006443 0.49407303708512923 1
-1.0200972117090885 0.07399322394876727 0
0.008381786113050349 0.48985705178815114 1
0.9557222367250987 -0.5141809187277413 1
1.6883532214578523 -0.18995416036511845 1
0.21473953868344442 0.962038667102784 0
0.5803405302007124 0.8079752304394366 0
0.6883768013114708 0.6852406203473771 0
1.4797118301771552 -0.4415690263162378 1
0.5519611035527382 -0.3478992999558334 1
-0.365375076045517 0.8808334060585771 0
1.8840412529277741 0.1662879848228352 1
0.23171029504865792 -0.031153087007697505 1
0.03209964683851027 1.064928211052896 0
1.5092352747387205 -0.3359206681753704 1
1.941141244313557 -0.02530154066787723 1
-0.9556443207109979 0.41818019559061675 0
-0.5890170615419084 0.89859952244489 0
0.9867291589251779 0.03346174811058714 0
1.513036988595253 -0.25421565979917027 1
0.9526671018348677 0.2906954076060761 0
0.9500639659809069 -0.4679152505976147 1
1.9793484127889116 0.10345906985063372 1
0.007946012310310285 1.0045324072306967 0
-0.05960375552865817 1.0296586384439559 0
1.3893187868375303 -0.4478881483230917 1
0.7383120965264233 0.8188702945809047 0
0.5710990734908361 0.837599644520903 0
-0.9628136180307079 -0.015438102714342952 0
0.589906563123833 0.755900393445458 0
1.927271258537925 0.036910653000895265 1
0.08778633057548915 0.2575436795861519 1
-0.8478264922004063 0.6906144732726132 0
0.10308837577636182 1.0148478921938706 0
0.29519685236982907 1.0162836619563949 0
-0.8456337032412244 0.4141318518766944 0
-0.8756810329011274 0.46283267451062515 0
0.7884409989808925 -0.44298195907776206 1
1.9501941274672903 0.3551596932985829 1
0.9336090885782895 -0.518855700266012 1
-0.05896382105951095 1.0641644345464045 0
0.8596469890280207 -0.4777814889039259 1
1.0435445521351712 -0.5141717027072972 1
-0.2883851476009812 1.0388708119738226 0
-0.7612533326247571 0.8113194377353117 0
-0.19167176944460312 0.9354418309655692 0
0.6996901543374309 -0.503803239074349 1
-0.36244510467765384 1.0324684779247038 0
1.1631146372395644 -0.395663485613679 1
-0.6797408824062496 0.6935122674353126 0
0.8447587549059644 -0.4872267548146733 1
-0.9831243312449037 0.19208817680676843 0
0.8486746146775459 -0.5050983626372552 1
0.43904908242281926 0.8600233963581003 0
-0.6729126501282936 0.7516731836516146 0
0.18309530639845775 1.0114873061303948 0
-0.3935290836535881 0.8487184889430074 0
0.15103073100292624 -0.021844893572432904 1
0.5413966703292304 -0.41559113836773137 1
0.04643900280765485 0.4094761216239257 1
-0.65020019425697 0.7145275158411679 0
1.2400397658925302 -0.5870238255088915 1
0.8809364673152575 -0.4721633620084296 1
0.7444144300710475 -0.45189589751620024 1
1.5704712684845263 -0.18461744869281935 1
0.6501397758283599 -0.4307719655259018 1
0.15125973065770587 0.03275640920244781 1
-0.9707643773933569 0.2222324481801753 0
-0.31555020505363807 0.9551433514499604 0
0.5159960931258711 0.7578545793960416 0
1.0096517245656262 0.31343720143973 0
1.0433088404925661 -0.5018266287774883 1
1.6564428338981152 -0.2362744062480273 1
0.612520692818522 -0.5152594052820659 1
0.3052615255141168 -0.2150101717321964 1
0.8433401063817738 0.5754461311959919 0
0.4928474929277412 0.8372502645713849 0
0.6768517090147195 -0.3935578657950878 1
0.6914455611805761 0.7727189873950093 0
0.8269649928096964 -0.49267578161729564 1
-0.8714234155318239 0.4372918531615654 0
0.905448522339898 0.12144288043664951 0
-0.07167261463767123 0.2505351055459613 1
1.4375901850034711 -0.36624049046976725 1
1.7480204302497062 -0.2568500934003399 1
0.306496572324809 0.9385433929170709 0
0.9848195551397391 -0.5094315180429502 1
-0.9943319105490945 0.07404535649534477 0
-0.2109945048487588 0.9834010076835881 0
0.2332491477970775 -0.030701993521236065 1
0.2179499687971472 -0.10003718069807158 1
0.05913743942032344 0.20954686202612863 1
-0.29161483516169695 0.9055680781818333 0
1.0457905863369876 0.08575825096811504 0
0.3633138060561005 0.8703781490323073 0
0.03223055548707143 0.9926745472297753 0
0.7856666811158437 0.6379630317720001 0
0.37399251158664476 -0.32726763727107205 1
-0.7223636878083126 0.7527621879867801 0
0.5109199953144726 -0.4556920232993726 1
0.3487296016636084 0.890896927878006 0
-0.7516828472746949 0.6634059510195311 0
0.4139453364915863 1.0325898013587487 0
0.413420199552093 -0.303292538076004 1
-0.9840784299763108 0.07916641062183533 0
0.8875498259760191 0.3253091135708828 0
1.4885228870079612 -0.3549811977433331 1
0.5413791406241757 -0.4160778348728471 1
0.5234005628040176 -0.4142576218130225 1
0.21811380259080076 -0.17954720975552035 1
0.796901927834262 -0.4881311670696459 1
0.3752549763236034 0.9091843839631555 0
1.1643609765955714 -0.4726413525161896 1
1.1351949240849684 -0.4520287396879281 1
0.7696177508043053 -0.4425815864293864 1
-1.0380761431076413 0.19753558716004802 0
-0.8591877155083107 0.6201755968791755 0
1.101780902811046 -0.5236383837200015 1
0.3824957596550178 0.858339049295735 0
0.5389844299818077 -0.30322508989282637 1
1.3276217698229318 -0.4182854949117264 1
0.664107921094599 -0.39011668098304 1
0.8968889619795587 0.4472727562713693 0
0.5522888254944684 0.8178640092462925 0
0.17251830884675395 0.0504054960995963 1
-0.5001684808317255 0.8547175740626444 0
0.3248746471835949 -0.3891408494974888 1
0.8849858174794251 0.5170433516316202 0
-0.36145187119848754 0.9015764472870956 0
0.33809647116496894 0.9584982724844552 0
0.7638969443395205 -0.40745322531094524 1
-0.4671629924720869 0.9033232739401622 0
0.08790953287266738 0.3007182815812721 1
0.9224312264887649 0.013513745769692942 0
0.3543183005619983 -0.17086445481820312 1
-0.9323427486480732 0.363192560963905 0
1.7162428317928318 -0.1346918611429995 1
1.0106859430298922 0.12082577267549391 0
1.9000978605842904 0.18208298982948679 1
-0.9971514691360102 0.3114763042902792 0
0.838708323445516 0.4387340134863864 0
2.018235658842071 0.4579054633167565 1
1.9055432984518386 0.2472711501366377 1
1.9977814159684324 0.2769251239886147 1
0.05779671094603421 1.0609740413385798 0
1.2699410720457927 -0.3590749762021375 1
1.8401929494489169 -0.08912339584792048 1
1.2290027194042934 -0.4769037168321646 1
0.7475915050563832 0.6019243187003472 0
-0.9341280868286627 0.35768129806332977 0
1.9817335453151543 0.512494511063645 1
-0.45499093794131573 0.8317155830998255 0
-0.5792560743839652 0.7860487022568344 0
-0.9874043576788166 0.21396120490428105 0
-0.021057802664543768 0.37176322202090295 1
0.781690245268581 0.6149240035527477 0
0.4843011860188008 0.8142303879773882 0
1.1463026650938308 -0.5197310123622393 1
-0.911096089050345 0.2387526277101396 0
0.3547758112634697 -0.2854810173769333 1
0.2171360342352031 1.000720731725514 0
-0.5463161767713641 0.8652544161885479 0
-0.07632786309979783 0.9516563155710593 0
1.0494174330592423 0.07470700176214601 0
-0.708907641711825 0.7444554091038236 0
1.9462082452324827 0.2597416951439745 1
-0.5968919602147961 0.6997848525546321 0
0.33472318120170236 -0.112427176045443 1
0.4837026263453885 0.9720417103592656 0
0.9311373046553155 -0.46389266568793147 1
-0.3614927166131283 0.9064073330541126 0
-1.0003658484960338 0.09888638959858471 0
0.7210003794717137 0.594966862900166 0
0.7253770289298432 -0.4474367286963089 1
1.0622173201294034 -0.025557065876391245 0
0.03117712392660714 0.4473556616734954 1
-0.44065791646012314 0.9367976211061588 0
-0.5628834836481369 0.7587961940100784 0
2.0089218054098383 0.5356425872538689 1
0.36377375044584537 0.9588231208859966 0
-0.29335458950130794 0.9795581363946212 0
0.9581646719553721 0.1731941045703878 0
0.5152666367655638 -0.38687807307199085 1
0.8836738577560769 0.33700795997756294 0
1.039716376002987 -0.4985236005331444 1
-0.12562098700939095 0.9192798735166684 0
1.4327250723986158 -0.451556053349159 1
2.036873707815924 0.22618398286281655 1
1.8652102917183115 -0.122738534474751 1
0.7592709222799431 0.5551267766346712 0
1.9689045794647433 0.3734993448431489 1
-0.9071202074351785 0.39352600898698936 0
-1.013765041529641 0.2523730953627612 0
0.6308192836637079 0.785116605061124 0
1.8592290542435068 0.10521007212322325 1
0.15924655899553886 -0.18648492846927986 1
-0.48468427563352184 0.8761260765275014 0
0.7820801618565351 0.6508443227291938 0
0.08850841385752493 0.9766212086894304 0
0.4985579229449606 0.8518624414583856 0
-0.9623791227790867 0.28846572517537555 0
1.891379759809093 -0.04020686625718072 1
0.8720444834913769 0.5669264844900975 0
1.9133543042310266 0.017188817613095445 1
1.2898618814324547 -0.4889290815740489 1
1.307653686663065 -0.4274709851779133 1
1.203668005930232 -0.4090072790292869 1
0.8488414057049933 0.6394613360305766 0
1.9135309014051858 0.10616579268919576 1
-0.9843143334832759 0.36726810832527174 0
0.2306401315252981 0.9843457224152263 0
-0.5787747798249787 0.8093827105838327 0
1.3188070876834206 -0.4213560954778336 1
1.012621256765036 0.28920180949559493 0
1.9048560441268538 0.24237363020924838 1
1.0461130287849194 -0.004677400686269366 0
0.9786016888170466 0.4900977324674961 0
0.1768805869031234 -0.09554127265733617 1
1.5601258933181943 -0.4100506523513393 1
1.8474617350632887 0.022278026436688872 1
0.35701428941886776 -0.17211962663881983 1
0.7085201713036046 0.6674829215269871 0
0.9432272666056404 0.028521241861024213 0
2.012989522853941 0.5058429795513583 1
1.7853179933907521 -0.09766637339324906 1
1.9987073245385645 0.504042834736073 1
1.733858530160273 -0.3006648396669965 1
1.3714339162266447 -0.38156593842565567 1
1.0118458843975362 0.020292526087481638 0
-0.065142607744436 1.0257228060941135 0
0.9325789733551498 -0.5206379947581884 1
1.1609997406479127 -0.4617512568595027 1
0.9540382804809897 0.025201315699111562 0
1.876927085986367 0.10207621591059593 1
-0.278527734441577 0.9996626848515445 0
0.13912980983185405 -0.05581010028187623 1
0.09166289158710653 -0.13639979643292818 1
0.34575143438558514 -0.1788409672146742 1
0.008075560859584071 0.271026794778495 1
0.8338074741493144 -0.4229309013540844 1
2.007206617782234 0.17539278614698892 1
0.9187337521720612 -0.511129739474469 1
1.2725687652094266 -0.4735387619744405 1
-0.012661216088836481 1.0300828076220574 0
0.9284991888596378 0.28903042636045245 0
-0.3604213017804155 0.8979899986935967 0
0.19688820757670655 -0.046673994648698425 1
-0.5921497526270295 0.8224160737572144 0
1.5954220291448988 -0.21286479263043895 1
1.1756783518057952 -0.41045818015140934 1
0.9779994185777733 -0.4554520993683016 1
0.24962975188787356 0.979030793859679 0
1.5660653976136132 -0.2959855943429952 1
-0.3968069291971247 0.9713869583383338 0
-0.3723104607225137 0.9142416245184154 0
0.08920807694267814 0.2892987825732867 1
-0.012558748959022991 0.3179859115246022 1
0.8423201895203464 0.6545047654391457 0
1.5911434867887664 -0.2847373643921015 1
0.9282274002376556 0.059214228177030315 0
0.2879109373487424 0.9738688639040007 0
0.3913611340322328 0.9649865487714986 0
-0.8083227154160573 0.5731612502479012 0
0.10049338133599746 0.31699451381756494 1
-0.774066897612361 0.6352118070428008 0
1.9600109430669796 -0.009200913210837026 1
1.8778359750669267 -0.0008134867723504097 1
-0.8232306552820843 0.4715857616841683 0
1.9445247148681586 0.054195545737697734 1
0.08774677631076801 0.09906932901359629 1
1.6214627236044192 -0.19904233905116483 1
0.2799397547122226 0.9538877364182246 0
1.234961258449197 -0.465975343557805 1
1.059214660618036 0.0073716156668873 0
0.5060792292921563 -0.2735795964214723 1
0.39357808021255264 -0.3659355489340985 1
1.094236083414939 0.18729967151731577 0
0.8637081117867108 0.4240688626133345 0
1.039713519898548 0.11692294114622248 0
0.14076161680354632 1.0153677338645086 0
0.39205601269691037 -0.3014584088206521 1
1.0748692081781732 -0.41712835580497243 1
0.8109655713252325 0.5219179643804397 0
0.014492673406042055 0.2700018403654039 1
-0.9005041117397828 0.16626162136514439 0
0.5531798089228337 0.7986537435800127 0
0.09884973965924593 0.030288552694839654 1
0.9770103903835262 -0.43645338773176884 1
0.37121461852147897 -0.13804396735116753 1
0.361934139719264 0.9668701662365784 0
0.8645455345839441 0.5820028040568531 0
-0.1584064723552574 1.000105472685243 0
0.5963004683781613 -0.43579435928266474 1
-0.6876731386508615 0.6067111469899069 0
-0.04490041799403903 1.0205718084929167 0
1.8559310522956138 0.3676754678590765 1
0.9619851177713111 -0.465224864233853 1
0.7002359341013044 0.6778777894611242 0
0.8922831471467981 0.18993668163380897 0
0.39056990460342983 -0.35299621383799834 1
0.3841848614023561 0.8751091009761006 0
1.0332161624296539 -0.4715224507572521 1
-0.05064400918318647 0.32322024569841085 1
-0.870619836718582 0.6668473955560165 0
0.28724757545721114 0.9487421258329751 0
-0.32854089300843536 0.9731471343007779 0
-0.032686576008942286 0.042531115345748965 1
-0.051412406655177156 0.25119303056499953 1
-0.7993569580785791 0.49442254321002355 0
0.14417042402782956 -0.09943881662452463 1
1.7907333012592186 -0.051072311604320506 1
0.5502306233790338 0.7984404385668137 0
1.7953934322081653 -0.004957263812850089 1
0.38961150279187473 -0.28909561423293934 1
1.0258400995234567 -0.5232397502339459 1
-0.035446011831316 0.9191041324488345 0
0.6927723864717417 0.7566465088750073 0
1.8691669260630752 -0.025322310118700654 1
0.708928421780474 -0.4090959591324309 1
0.7167495713843454 -0.41614642587507816 1
1.84288309788732 -0.21143348322490743 1
1.682107976063057 -0.31027216870644214 1
0.9163202848742628 -0.4973939837553572 1
1.2837891642901484 -0.4567071294718144 1
0.10161630426966023 0.872942103405894 0
1.7319039550947308 -0.24813227878539262 1
-0.3806651268183135 0.9468282484237711 0
1.947648247935662 0.1753588314109672 1
-1.0393289401782662 0.03996389486846662 0
0.9612137827283926 -0.0065223905739969544 0
-0.7370107856484552 0.6011152768044263 0
0.7126418865374065 -0.45506194909445813 1
-1.0444844648977671 0.15650051348743435 0
0.2704172897320756 -0.20956121148071696 1
0.8387791336800753 0.5593200021522013 0
1.3109703595451696 -0.4801024222740789 1
1.4241621066070065 -0.34849543931374455 1
0.6412546785938612 -0.5112175316869854 1
-0.8981174953925973 0.07956485219289706 0
1.4853438608412546 -0.25990813354723236 1
-1.0538580900823313 0.2659283126410266 0
1.0859578510472248 -0.4742096006777882 1
0.492805415691676 -0.27989651593309456 1
0.10615777038372202 0.01469604293119188 1
0.1557033102919704 0.11141839732818618 1
0.681959504907234 -0.44878029286819876 1
2.120969699011709 0.26263308783196776 1
1.803734888447439 -0.06513135616206792 1
0.887584075331746 -0.5097789245529536 1
0.4667522962946524 0.8958230224787168 0
0.11850609458947678 0.22122106632682165 1
1.8638230289067843 -0.02727159384053557 1
0.9403403575884218 0.26316212142419293 0
-1.0405539125964667 0.10837960627897378 0
1.5026016293201983 -0.4003401156028794 1
0.30614638132899474 0.9126336743571796 0
0.300407660181118 0.8941054801645335 0
0.4446612777335301 0.899824722022331 0
0.8248451430610069 0.4526353104654584 0
0.051083995154841785 0.06005628957895133 1
-0.9146872924725055 0.31425522238729564 0
-0.2572430252145372 0.998218845102474 0
1.6115050964430342 -0.26799586598038955 1
0.10351189916729409 0.9315499852889716 0
2.012945115399687 0.30071324581422826 1
-0.04713103834502123 0.30979182365730085 1
1.6637096252588925 -0.16701909157848266 1
1.9064550549973343 0.09319382311722056 1
-0.7555296514828739 0.6928970551173 0
0.036015843222152115 0.21971836139808767 1
1.7997184533385038 0.029637942543614786 1
0.22035025889904664 0.025496701726044214 1
-0.10237096850230903 1.0227266324826587 0
0.39609077688101224 -0.4060708028168023 1
0.8187565212292185 -0.5101051076001833 1
1.7609537585582447 0.015712219842077775 1
1.7477144153779787 -0.1837690851231986 1
0.699562167249791 0.7524265358233722 0
0.9020056289191715 -0.4334007538013362 1
0.04598704329721344 0.23519036871159393 1
-0.9465383973455442 0.11581348611929249 0
0.2801619734468455 0.8939933843814478 0
0.06491682764243466 0.19740053277782513 1
-0.8127594212107135 0.4879359747240349 0
0.05024463753965808 0.3041992808289833 1
0.1302372167187035 -0.014468833807710309 1
-0.48999244501777633 0.9092195033825373 0
1.5242986312178002 -0.34775970049603744 1
-0.00028780984170196223 0.4151604337847443 1
0.9510443394564991 -0.5359297496890875 1
0.3036073695677615 0.9704379914495141 0
0.09892330238844663 0.419969281055113 1
-0.849533490596016 0.37315077649373674 0
-1.006338278558019 0.24065268659272432 0
-0.989503649422576 0.23898537605694925 0
1.17040975937101 -0.5784610436801979 1
0.9315401321879794 -0.4337416348815502 1
1.0674405836811127 0.26977550463884037 0
0.9017637983546376 0.32975562531898306 0
1.6962274458106676 -0.2176627259243379 1
-0.7822181828698598 0.6166646480046709 0
1.5345760345834905 -0.3600644270311662 1
2.003672968027992 0.3598820251270085 1
0.6269558612348436 -0.4861081833067142 1
1.8753756722801163 0.40570523766525 1
-0.9954975750012051 0.09988466149228256 0
-0.8686018863046009 0.444752320980977 0
-0.7303356924467087 0.6483147703108871 0
0.35681331625254503 -0.2217293419611822 1
1.692439474472648 -0.09824861416639231 1
0.7603880968309885 0.6861038084044527 0
1.1063816670256756 -0.4626948174783115 1
0.5316899627037319 0.8492828645821281 0
1.9282387709764601 0.026874572522699113 1
-0.4777811894538005 0.9212758011189524 0
-0.6970532114748749 0.6536244835099488 0
0.3140050040512099 0.9704663789790935 0
-0.5889801454885548 0.9020063925775568 0
0.40158838252058493 -0.20882173848795516 1
-0.7761885024885117 0.592440747364769 0
-0.4025507583809223 0.9297055132702283 0
0.07753401839291224 0.9411777618647277 0
0.7784320110675812 0.6107458607129653 0
1.3835753009994134 -0.3725278390720823 1
0.46602172036528994 -0.33574795182441936 1
0.2264652348609592 0.9664885633371556 0
0.8270057137047232 -0.4863627372373934 1
1.8597099690536059 -0.005178041991493548 1
1.3305189172880718 -0.49105878204786696 1
-0.9180947143654572 0.6133671416670431 0
1.8998252924358237 0.14501472284350314 1
0.6028807705933379 0.7792150384585868 0
0.37682037016144115 -0.34717839499937664 1
-0.0048965860134588535 1.0599719428147296 0
0.7022757082102011 0.5784242986439642 0
0.7798680073787684 0.5860451045263522 0
1.0079015579753936 0.22508799095671936 0
0.8823727292352708 0.24193649331275535 0
0.7605187665593308 0.6383029251105751 0
0.01134409525302052 0.140433703142071 1
1.0019693713176168 0.08623469335655423 0
1.6994535793418415 -0.2110804436149561 1
0.551319967595657 -0.3485324028082959 1
0.34864143252510144 1.0124320747542557 0
0.6529534047159049 0.7755703090721865 0
2.0030171367447194 0.26918290584296706 1
1.9243228045665677 0.05569653175165022 1
1.00461132467572 0.09287877616368087 0
0.6584747354288645 0.7577915736774814 0
0.7729865870117614 0.5613068551130801 0
0.8074573929602898 0.5633531273097634 0
0.48148385396636306 0.81540714616114 0
1.0499621547084936 -0.45133743770699786 1
0.9803158830442672 -0.46861043283812015 1
1.9701790181463796 0.19499042652728985 1
0.054707668192851944 0.06328978657789855 1
-0.39383048995481695 0.9494533822780813 0
1.7706139801927074 -0.17271651797159482 1
1.7099346936790187 -0.05376698165796877 1
-0.9089329952976197 0.45911375563080076 0
1.6801125732930378 -0.2186887797208774 1
-0.6874125218666914 0.685681933814896 0
-1.072770062932306 0.019712155584574474 0
0.7305467797982127 -0.3818322379387684 1
-0.909896714056051 0.3228105854351583 0
0.032296089174595255 0.39848984586581726 1
0.7207329105636598 -0.4215459288623027 1
1.6797123361919484 -0.32909988000611595 1
-0.13187154662324413 1.0078378740992835 0
-0.8414926015714067 0.5372023639808989 0
1.6479666232236498 -0.35109786697233797 1
1.9213221532789262 0.1424012501003103 1
0.5026760319761556 -0.2649519671280149 1
1.9818047901667777 0.1938754334972427 1
-0.7273571661687245 0.5147872481072694 0
1.970242176736268 0.3521456879999291 1
0.02423538424272864 1.0652931366872735 0
0.4986592387460315 -0.2763583844312976 1
-0.4059571375428764 0.9027098213916099 0
-0.7292745322105768 0.7203794698949414 0
0.732676697502344 0.6398809012812481 0
-0.9183846146783703 0.44612279523116194 0
-0.35055898557347465 0.8656664712929848 0
0.2524605411011353 0.9104256053074591 0
-0.07423028163207541 0.42887065725366263 1
-0.2032117165101002 0.9421822330512828 0
0.05453965266001895 0.3744808784149962 1
-0.4310753598047666 0.9699453821875984 0
-0.004254972496415162 0.2285039151610554 1
0.9392878230680504 -0.5109815831139706 1
0.04753392627444214 0.1862044507970732 1
0.6271289030612464 -0.3815531257565327 1
0.4396283458666913 0.927237583485204 0
1.9261302302563807 0.20386487808321363 1
1.0628359862341479 0.31345997355259286 0
-0.871033418911104 0.20582259129748837 0
1.9837199444582339 0.4562292010881322 1
0.8509696772665734 0.6359342156352098 0
0.598234334898035 0.8440037607284411 0
0.8096817708762407 0.5405282324920753 0
1.7884290745989175 -0.2277187144969393 1
0.7247089257484731 0.7431504453878882 0
0.5342331996627286 0.9177043497430617 0
0.9011675630445222 0.36805812476958116 0
-0.25023036191563375 0.9884369767025355 0
1.051981975982302 -0.461859564945424 1
0.10904022481972464 0.05061328001036133 1
0.496431012870676 -0.39522601703530835 1
-0.12085625097997173 1.0234691476547717 0
0.5687349983302095 0.7906719709451169 0
0.5288867455569222 0.8751056386085899 0
0.4880889290922711 0.7296229076713187 0
0.24857042738037746 -0.1875365828829876 1
-0.3318783083345226 1.034445851059213 0
0.5885449081086269 -0.39050853122477985 1
0.4043398278734478 -0.4359340600676277 1
-0.9146442020592581 0.23347758738677565 0
0.03670174121322133 0.415657332544908 1
0.822346464180238 0.5810905079265917 0
-0.8144966145028589 0.5456062994544003 0
1.8307578626495078 -0.10841260357490479 1
0.1841994290825675 0.02066781352529666 1
-0.7812757681009854 0.5171304418830068 0
1.15257045298615 -0.5901250101485357 1
0.27927551536264805 -0.2578588295150395 1
1.0395125010864612 0.02594262566228403 0
1.4409580921803637 -0.41147756365431604 1
0.02776186786082558 0.29996997439758355 1
1.3211132873828586 -0.39072873155270194 1
-1.0538735272822342 0.035814533593691134 0
-0.8503479036345221 0.40008689384217444 0
-0.030956916477945903 0.9484146057537757 0
1.7545844555751566 -0.12269729363505731 1
1.9766063218435295 0.44965347470038114 1
0.10231851285491289 0.2639538236424273 1
-1.0172139564295222 -0.04436731096710123 0
0.023895095960890296 0.22546352462763808 1
0.8495184100819188 0.6110019208650738 0
0.9909770949591411 0.1422853352087309 0
1.630991481878243 -0.2786664855128265 1
0.8194940989408409 0.4531186396569839 0
0.11788056222302268 0.9763270797304234 0
-0.96525060788857 0.5569659896629896 0
0.38473716953175785 0.9282169113509744 0
-0.775927417861824 0.5985756711799151 0
0.32210229433996446 -0.20744168534241209 1
-0.6392885139971357 0.8022785406796441 0
0.023570875604037474 0.4053629093983782 1
0.9130857016621584 0.37857982149174135 0
-0.9593215706433413 0.5152651431029082 0
1.1561775401381782 -0.6125874884225683 1
0.6336560910336076 -0.43779437650385056 1
1.8852734932834783 -0.023465274089384622 1
0.5343778691066423 0.8335624263473733 0
-0.4948326947666027 0.785286280124466 0
0.14424471671176456 -0.08198995733546782 1
0.27300972892939857 -0.1933162406363648 1
-0.7185549225598385 0.7042738871973043 0
1.8784702598732725 0.015280934534466835 1
-0.6580231918672261 0.8155108588372552 0
-0.9729768750751681 0.21457873585303205 0
1.377518217291967 -0.39795148033405403 1
0.2406798638686518 -0.035564266506909206 1
0.1442986320022992 1.0589995349016041 0
0.8112862692631491 -0.47956528834838574 1
0.6383261241570432 0.7106622014675703 0
0.15890358965490736 -0.05400238481412807 1
1.0172522319415649 0.3556994109582319 0
1.9020100818896264 0.06473251194524902 1
0.04674225530367491 0.9651220378665932 0
-0.010635086124676962 0.3952783045499523 1
0.7281724546319698 -0.4592702623133631 1
-0.8770078314303777 0.2969109268076162 0
1.00157338238341 0.13814725462730085 0
0.5118924347366972 0.8861016324326109 0
2.1290197723093605 0.5659606833917049 1
-0.990943896165597 0.3375379196672688 0
0.9670637937000737 0.36708902580315433 0
1.7023675931282898 -0.19954652240064516 1
0.9775654320271581 0.1713042875606297 0
-0.031410254293202905 0.5602055304927875 1
0.312435663372127 0.9459890161314286 0
0.45906437551226537 0.8625186978431797 0
0.9699800487532946 -0.004234990604303518 0
0.48589451099392655 0.9085638811577842 0
0.9362406453178208 0.17493636167989787 0
-0.2368769734315291 0.9857321553006482 0
0.046310455628262456 0.13410193307409285 1
-0.08994154270500546 0.9501999218490129 0
1.7381065816134533 -0.22307809440585946 1
0.47741903859858076 0.8506705008514384 0
-0.26189620857042445 0.8939799496230716 0
-0.8835706130144585 0.03222116305892977 0
-0.25950287266335037 0.9303677247034617 0
1.4000695890805994 -0.39620669512193996 1
0.7385550856340439 0.792228537784751 0
-0.9227759866872529 0.4731634167837581 0
0.21987954411253688 0.8957824966888439 0
-0.11009474951171769 0.07049175004440308 1
0.6522517909875515 0.7599675554121547 0
1.8928064079876536 0.06690839499681775 1
1.9049715113893195 0.10097614499507487 1
1.105173573532929 -0.4478753427277826 1
0.4962481138940251 -0.5477103205687524 1
0.02103870721134173 0.29186654733125195 1
-0.02319971977938088 0.49635663905441224 1
1.7358470286694092 -0.16732513821702452 1
0.06250353775163375 0.4165968605039343 1
-0.9329347962395342 0.44251233168724574 0
-0.5726544733967411 0.7614173135374913 0
-0.9972529307367358 0.27582264121298794 0
0.7505832731874358 0.5775602492056063 0
1.1835160250968983 -0.5253318486345232 1
0.06930093694155902 0.14698389793490219 1
0.9507891565432868 0.4662082348144606 0
1.0244533150714918 0.01761932945528233 0
-0.7445876416263517 0.6290604788433221 0
-0.9793675267394634 0.10899314086442999 0
0.17177274578724208 0.024916930613893815 1
-0.8638999343466347 0.5932983779079047 0
-0.9836366050206344 0.15349940711561275 0
1.4636181622224176 -0.4886941715940506 1
0.4116173404173085 -0.31383502852671047 1
-0.906753280448644 0.6768463626157746 0
0.8084112434315824 -0.44615925958430563 1
0.24648025966693676 0.9102157069540767 0
0.7675824049379155 0.7597838115853098 0
1.8741085282053052 0.2129815609542621 1
0.9379534477160969 0.13537629589314765 0
2.008518221667292 0.10580282615748514 1
0.45916538750255187 -0.36585359871271045 1
0.40017008625698497 -0.37819478619478886 1
1.6391094477478305 -0.24168150742845734 1
1.7698829207290354 -0.22161444960268045 1
0.0934861022975776 0.24159914868305166 1
-0.5166713693789402 0.9099366579434603 0
-0.49522240428999037 0.9525295409817887 0
1.7892859736588753 -0.10961043245471658 1
1.0251938979322948 -0.5173054467297027 1
0.8596676620149151 -0.4707581045459839 1
0.2991600385973118 0.8969031204753934 0
1.8277161091667902 -0.008851442981643365 1
1.7775004198672115 -0.1257895864427548 1
1.8748196823880026 0.5966058147564641 1
0.8839064658354998 -0.4698888462965463 1
0.567940029627763 0.7650189143259827 0
1.709149443782695 -0.21732861721585936 1
0.8376389500294688 0.40412725098957214 0
-0.028758843303110126 0.4083891724070609 1
1.90710264179183 0.4194005745153806 1
0.7472441282841618 -0.4874570811268967 1
-0.4522502186827775 0.8785099031655136 0
-0.9633392432457749 0.03238013435434135 0
0.8023974555512557 0.4299822131478458 0
1.0762021618894433 0.1007335441988351 0
1.1904301941022142 -0.5081874807596508 1
1.3080195462846895 -0.5651698421425634 1
0.9943069153123756 0.052020858225765174 0
0.0453575959175426 0.9867982973383134 0
-1.031914876783374 0.14147620272205078 0
0.8429704850461589 0.6550066572353808 0
-0.7025463832515925 0.6735911485022978 0
-0.8733547682996539 0.23248809919874427 0
0.2732581848839127 -0.16428908187044305 1
1.5868684072574664 -0.19638111276533193 1
1.9936794307966124 0.19423199613278147 1
1.59371758882976 -0.29838597524739735 1
0.8335923335937083 -0.41804765336472116 1
0.2180590281379059 -0.14771898807843425 1
0.6258849757063851 0.76437619120213 0
-0.8036349015185826 0.6217332522718843 0
1.4750143173940562 -0.4293848527542772 1
-0.060910526090710786 0.49718336918552164 1
-0.4984184855816708 0.8501353659630732 0
1.9009037043892238 0.11936333499787798 1
0.295570108378435 0.9100290697019846 0
-0.010391198732150358 1.050735162930539 0
0.5810953268871342 0.8819795274097093 0
2.0075786258803987 0.43971269892359527 1
-0.6413105837049797 0.8721356063547017 0
0.4144379580615311 0.8690120946595802 0
-0.3238297488244143 0.9125544369490348 0
-0.029175397550552883 0.9927460817585976 0
-0.21954384389265785 0.962587576698599 0
0.5212883868574348 -0.4303271443724736 1
-0.5359801058334046 0.9033868987374036 0
1.9759796351833203 0.1594940787281072 1
0.05642232510294101 0.3915136807660174 1
0.15561978663550874 1.0207787585679666 0
2.093683981577271 0.22539015945372992 1
1.0270945160258007 0.29327326318428454 0
-0.5339737420092404 0.8460553430152881 0
0.881401275319457 0.4629254925618192 0
1.2153068854747962 -0.44989043940503354 1
1.5235572297528461 -0.428375220423498 1
1.182256679066042 -0.4434150531058519 1
0.18596741773067918 1.0406718818802683 0
0.2537799710110751 -0.224955031730453 1
1.9854066673183879 0.08348150717267232 1
-0.9237063016710221 0.5040272936640595 0
0.6444502148066521 -0.45234487067519336 1
0.2517946038206167 -0.1363673549690489 1
1.614456014641734 -0.4002910297353296 1
1.3535726962820815 -0.46652844998124987 1
0.5335882147062728 0.959936004275942 0
1.4570788944939141 -0.3718037031947587 1
0.7671930180565592 -0.40800475119184765 1
1.9579150708823025 0.42567404875330406 1
0.964690141395385 -0.48635739787029436 1
1.2768898053193654 -0.4194970840769051 1
1.0380283813751892 0.32563889093981313 0
-0.9099037788899904 0.3581429878697647 0
-0.8961536301709621 0.4745047874260501 0
1.5287271074303541 -0.3582048296833423 1
0.5690280989528838 0.7580227347157745 0
2.0210059261891242 0.24137202188850831 1
-0.6188347445726236 0.9081457916781355 0
0.46939759707225953 -0.327963795570277 1
-0.939008344659407 0.227485831890268 0
1.8406541187715193 0.0811574681922695 1
-0.013977899920746936 0.39340430100862167 1
0.30891546822183014 0.9909201191080443 0
0.7728386377261867 0.628904429730434 0
0.3782665155817671 -0.23954872708029287 1
-1.0114676505505065 0.06751022330477399 0
1.6019933609683479 -0.34426679716371555 1
0.41598389739248576 -0.22380155514988204 1
0.012647094590361379 0.36512901227461236 1
-0.5294417030632289 0.9063409151892585 0
1.8881716713383743 0.041790196473250954 1
-0.7085501326850409 0.7371051643786213 0
0.2926696320899048 -0.2847873303699351 1
-0.1673036072485657 1.0076867436417982 0
-0.36881096138354275 0.9146524971583435 0
0.014455133770590399 0.2170756299528651 1
-0.19050019311319033 1.011853772084997 0
-0.643991452904156 0.7393584764796248 0
-0.7921667043767843 0.6641079361879603 0
0.033758572158817314 0.21847283150707497 1
0.9122057483262092 0.4144703187882308 0
0.10447376081288953 -0.01563164384723381 1
1.966135486085194 0.28309051567014565 1
0.005804979812606401 0.19000468480906352 1
0.05520262796793892 0.14761231253243992 1
-0.8417079510904117 0.6051372696360645 0
-0.3189082952042188 0.9463763594876119 0
0.11296924792597214 0.4646755279235609 1
