0.000000 0.000000 0.000000
0.001309 0.004852 0.000000
-0.003319 0.009487 0.000000
-0.001467 0.015004 0.000000
0.004097 0.019678 0.000000
0.000547 0.025120 0.000000
0.003240 0.029976 0.000000
0.002929 0.035054 0.000000
-0.010741 0.038740 0.000000
0.011405 0.043764 0.000000
0.009450 0.049355 0.000000
0.011654 0.054034 0.000000
0.015743 0.058210 0.000000
0.019672 0.062294 0.000000
0.035886 0.060511 0.000000
-0.015349 0.073798 0.000000
0.019963 0.077884 0.000000
0.044105 0.073161 0.000000
0.033014 0.084212 0.000000
0.029987 0.090646 0.000000
0.018994 0.098691 0.000000
0.033450 0.100086 0.000000
0.038624 0.103586 0.000000
0.052907 0.102757 0.000000
0.071536 0.097096 0.000000
0.080106 0.096775 0.000000
0.052560 0.119615 0.000000
0.094124 0.097720 0.000000
0.089602 0.108484 0.000000
0.089818 0.114759 0.000000
0.079617 0.128015 0.000000
0.083968 0.131211 0.000000
0.088494 0.134264 0.000000
0.106714 0.126931 0.000000
0.095789 0.141477 0.000000
0.045848 0.169798 0.000000
0.136055 0.119229 0.000000
0.105749 0.152928 0.000000
0.108045 0.157449 0.000000
0.141693 0.135393 0.000000
0.116869 0.163538 0.000000
0.186160 0.088277 0.000000
0.127612 0.168106 0.000000
0.169278 0.134297 0.000000
0.158096 0.154574 0.000000
0.198472 0.108369 0.000000
0.191826 0.128979 0.000000
0.226680 0.066313 0.000000
0.195970 0.140628 0.000000
0.190982 0.155421 0.000000
0.144481 0.205560 0.000000
0.216791 0.136681 0.000000
0.195743 0.173107 0.000000
0.235068 0.125203 0.000000
0.270624 -0.019923 0.000000
0.255596 0.105155 0.000000
0.281400 -0.001918 0.000000
0.259927 0.120338 0.000000
0.276719 0.091509 0.000000
0.289967 0.061814 0.000000
0.298660 0.041343 0.000000
0.297854 0.072422 0.000000
0.311322 0.012118 0.000000
0.270029 0.165254 0.000000
0.320317 0.028794 0.000000
0.307353 0.110559 0.000000
0.303745 0.133177 0.000000
0.325640 0.085523 0.000000
0.329271 0.091354 0.000000
0.340090 0.067550 0.000000
0.346300 -0.061729 0.000000
0.356784 -0.000458 0.000000
0.359734 0.038694 0.000000
0.346087 0.121620 0.000000
0.370501 -0.031751 0.000000
0.365898 0.090337 0.000000
0.376688 -0.062939 0.000000
0.383679 0.050088 0.000000
0.391296 -0.022798 0.000000
0.396234 -0.024407 0.000000
0.401612 0.017883 0.000000
0.406563 -0.019596 0.000000
0.412058 -0.001300 0.000000
0.416992 -0.008812 0.000000
0.413001 -0.087219 0.000000
0.355939 -0.236119 0.000000
0.402414 -0.157561 0.000000
0.395849 -0.185568 0.000000
0.442158 0.006882 0.000000
0.443051 0.061038 0.000000
0.443115 -0.090495 0.000000
0.452125 -0.068512 0.000000
0.439610 -0.143092 0.000000
0.455735 -0.103483 0.000000
0.415767 -0.224196 0.000000
0.471040 -0.077587 0.000000
0.469932 -0.109022 0.000000
0.441610 -0.206339 0.000000
0.452883 -0.193433 0.000000
0.424160 -0.259965 0.000000
0.491659 -0.103877 0.000000
0.456809 -0.221180 0.000000
0.469035 -0.206705 0.000000
0.440330 -0.272041 0.000000
0.518420 -0.066069 0.000000
0.497126 -0.176827 0.000000
0.499309 -0.185527 0.000000
0.471198 -0.259001 0.000000
0.390252 -0.377149 0.000000
0.327946 -0.438713 0.000000
0.412137 -0.368363 0.000000
0.538159 -0.146673 0.000000
0.497916 -0.262373 0.000000
0.390073 -0.412656 0.000000
0.457563 -0.344688 0.000000
0.381192 -0.434337 0.000000
0.480353 -0.330228 0.000000
0.437912 -0.392309 0.000000
0.435020 -0.402945 0.000000
0.286706 -0.524778 0.000000
0.523250 -0.299728 0.000000
0.348272 -0.498417 0.000000
0.293193 -0.538412 0.000000
0.454446 -0.418945 0.000000
0.429674 -0.451280 0.000000
0.414773 -0.471725 0.000000
0.323175 -0.544478 0.000000
0.438629 -0.463565 0.000000
0.268417 -0.584534 0.000000
0.404989 -0.506163 0.000000
0.273462 -0.593275 0.000000
0.328508 -0.570465 0.000000
0.384823 -0.540278 0.000000
0.544219 -0.387951 0.000000
0.376200 -0.558477 0.000000
0.088265 -0.672625 0.000000
0.353126 -0.585116 0.000000
0.288742 -0.624965 0.000000
0.278408 -0.635127 0.000000
0.259813 -0.648374 0.000000
0.254796 -0.655756 0.000000
0.243368 -0.665436 0.000000
0.046105 -0.712077 0.000000
0.202731 -0.689403 0.000000
0.290895 -0.662573 0.000000
0.223597 -0.693488 0.000000
0.073266 -0.730001 0.000000
0.188702 -0.714185 0.000000
0.006741 -0.743688 0.000000
0.239186 -0.709512 0.000000
0.032382 -0.753073 0.000000
0.225173 -0.724614 0.000000
0.025606 -0.763390 0.000000
-0.193687 -0.744048 0.000000
-0.031270 -0.773237 0.000000
-0.115507 -0.770282 0.000000
-0.131812 -0.772758 0.000000
0.078824 -0.784997 0.000000
-0.011046 -0.793893 0.000000
-0.147823 -0.785202 0.000000
0.035858 -0.803220 0.000000
0.086393 -0.804419 0.000000
0.091936 -0.808862 0.000000
-0.125997 -0.809347 0.000000
-0.435847 -0.699437 0.000000
-0.277705 -0.781257 0.000000
-0.419956 -0.720748 0.000000
0.000513 -0.839196 0.000000
0.125730 -0.834806 0.000000
-0.274392 -0.803697 0.000000
0.056489 -0.852402 0.000000
-0.301979 -0.804487 0.000000
-0.143674 -0.852297 0.000000
-0.213910 -0.842619 0.000000
-0.382382 -0.786327 0.000000
-0.302894 -0.825587 0.000000
-0.330010 -0.820546 0.000000
-0.368523 -0.809510 0.000000
-0.464947 -0.764137 0.000000
-0.170862 -0.883121 0.000000
-0.273230 -0.862268 0.000000
-0.461848 -0.783565 0.000000
-0.188936 -0.894845 0.000000
-0.687203 -0.611075 0.000000
-0.731159 -0.565980 0.000000
-0.379046 -0.848864 0.000000
-0.467462 -0.809379 0.000000
-0.301348 -0.890069 0.000000
-0.673499 -0.662497 0.000000
-0.435701 -0.843912 0.000000
-0.532610 -0.792414 0.000000
-0.350293 -0.893593 0.000000
-0.608930 -0.748391 0.000000
-0.733300 -0.634727 0.000000
-0.727836 -0.648564 0.000000
-0.649326 -0.733880 0.000000
-0.525964 -0.832730 0.000000
-0.729512 -0.669189 0.000000
-0.824272 -0.557271 0.000000
-0.784521 -0.620102 0.000000
-0.000000 -0.000000 1.000000
-0.003707 -0.003392 1.000000
-0.008050 -0.006017 1.000000
-0.006438 -0.013631 1.000000
-0.018061 -0.008823 1.000000
-0.020477 -0.014561 1.000000
-0.026778 -0.013856 1.000000
-0.034541 -0.006655 1.000000
-0.030445 -0.026253 1.000000
-0.039872 -0.021345 1.000000
-0.039363 -0.031236 1.000000
-0.053829 -0.012567 1.000000
-0.048627 -0.035661 1.000000
-0.053590 -0.037359 1.000000
-0.061881 -0.033468 1.000000
-0.068098 -0.032316 1.000000
-0.055326 -0.058339 1.000000
-0.085379 -0.002863 1.000000
-0.065198 -0.062696 1.000000
-0.085953 -0.041569 1.000000
-0.099513 -0.014065 1.000000
-0.105307 -0.006819 1.000000
-0.104947 -0.034758 1.000000
-0.115222 0.009067 1.000000
-0.118975 -0.019750 1.000000
-0.114094 -0.052584 1.000000
-0.129360 -0.018341 1.000000
-0.133746 0.022818 1.000000
-0.140701 -0.000799 1.000000
-0.145417 -0.009532 1.000000
-0.149583 0.018750 1.000000
-0.151407 -0.036646 1.000000
-0.160792 0.001982 1.000000
-0.162389 0.033604 1.000000
-0.168490 -0.028325 1.000000
-0.175876 -0.001126 1.000000
-0.180627 0.010011 1.000000
-0.183672 0.028883 1.000000
-0.181273 0.060031 1.000000
-0.189775 -0.048926 1.000000
-0.194929 0.049047 1.000000
-0.204915 0.021407 1.000000
-0.210232 0.018622 1.000000
-0.215812 0.010758 1.000000
-0.220869 0.010227 1.000000
-0.216663 0.064747 1.000000
-0.196283 0.122091 1.000000
-0.198263 0.128348 1.000000
-0.227131 0.081191 1.000000
-0.218801 0.112942 1.000000
-0.246880 0.046691 1.000000
-0.234637 0.103081 1.000000
-0.260811 0.016086 1.000000
-0.241222 0.112892 1.000000
-0.226691 0.149150 1.000000
-0.272271 0.047493 1.000000
-0.270087 0.079011 1.000000
-0.266195 0.105753 1.000000
-0.271901 0.104964 1.000000
-0.291375 0.054792 1.000000
-0.253111 0.163834 1.000000
-0.263173 0.157169 1.000000
-0.242512 0.195592 1.000000
-0.241177 0.205081 1.000000
-0.287996 0.143144 1.000000
-0.291712 0.146946 1.000000
-0.299942 0.141535 1.000000
-0.302431 0.147957 1.000000
-0.280904 0.194570 1.000000
-0.303828 0.167071 1.000000
-0.316467 0.153568 1.000000
-0.288350 0.210117 1.000000
-0.272718 0.237762 1.000000
-0.323231 0.173461 1.000000
-0.333647 0.164191 1.000000
-0.257839 0.274884 1.000000
-0.177351 0.338233 1.000000
-0.232469 0.309316 1.000000
-0.076722 0.384378 1.000000
-0.359973 0.167382 1.000000
-0.246070 0.317902 1.000000
-0.052225 0.403671 1.000000
-0.191347 0.364939 1.000000
-0.158043 0.385983 1.000000
-0.059555 0.417888 1.000000
-0.131563 0.406369 1.000000
-0.263617 0.342445 1.000000
-0.326914 0.290274 1.000000
-0.302353 0.322697 1.000000
-0.232671 0.381948 1.000000
-0.221891 0.394087 1.000000
-0.322771 0.323929 1.000000
-0.264650 0.379068 1.000000
-0.174281 0.433624 1.000000
-0.106240 0.460259 1.000000
-0.251574 0.405720 1.000000
-0.182478 0.446568 1.000000
-0.168392 0.457427 1.000000
-0.127347 0.475712 1.000000
-0.169056 0.467882 1.000000
-0.213114 0.455084 1.000000
-0.029176 0.506698 1.000000
-0.166185 0.484875 1.000000
-0.107215 0.506362 1.000000
-0.180730 0.490368 1.000000
-0.056361 0.524619 1.000000
-0.196932 0.494922 1.000000
-0.036441 0.536452 1.000000
0.015574 0.542490 1.000000
-0.196093 0.511434 1.000000
-0.146582 0.532974 1.000000
-0.014685 0.557596 1.000000
0.000409 0.562814 1.000000
-0.127230 0.553402 1.000000
0.053595 0.570352 1.000000
-0.076362 0.572822 1.000000
-0.165961 0.558790 1.000000
0.145638 0.569616 1.000000
-0.116184 0.581471 1.000000
0.124882 0.584805 1.000000
0.033648 0.602076 1.000000
-0.142359 0.591140 1.000000
-0.002085 0.613062 1.000000
0.179246 0.591529 1.000000
0.043462 0.621598 1.000000
0.275122 0.564685 1.000000
0.016373 0.632954 1.000000
0.222874 0.598009 1.000000
0.073046 0.639055 1.000000
0.306678 0.571109 1.000000
0.222295 0.614281 1.000000
0.124243 0.646461 1.000000
0.232963 0.621061 1.000000
0.317544 0.588087 1.000000
0.123586 0.661929 1.000000
0.452542 0.505392 1.000000
0.435341 0.526818 1.000000
0.313640 0.612848 1.000000
0.567571 0.398447 1.000000
0.336999 0.611820 1.000000
0.431044 0.556002 1.000000
0.364696 0.607478 1.000000
0.337904 0.628490 1.000000
0.406702 0.592426 1.000000
0.382683 0.614147 1.000000
0.369362 0.628087 1.000000
0.371701 0.632541 1.000000
0.496696 0.546774 1.000000
0.211785 0.712927 1.000000
0.505990 0.551898 1.000000
0.622834 0.424553 1.000000
0.540296 0.532774 1.000000
0.516247 0.562946 1.000000
0.520463 0.565897 1.000000
0.518624 0.574372 1.000000
0.587559 0.511323 1.000000
0.587561 0.518943 1.000000
0.607367 0.503527 1.000000
0.760210 0.229060 1.000000
0.430997 0.672781 1.000000
0.349766 0.723956 1.000000
0.746682 0.311481 1.000000
0.661050 0.475104 1.000000
0.657160 0.488935 1.000000
0.458905 0.684530 1.000000
0.658067 0.504411 1.000000
0.815471 0.175637 1.000000
0.838615 0.031211 1.000000
0.730411 0.423330 1.000000
0.779902 0.336113 1.000000
0.850583 0.079301 1.000000
0.799960 0.313774 1.000000
0.763452 0.405207 1.000000
0.800384 0.339336 1.000000
0.840693 0.240337 1.000000
0.836605 0.270983 1.000000
0.854726 0.227256 1.000000
0.889014 -0.027759 1.000000
0.867887 0.216457 1.000000
0.885884 0.155902 1.000000
0.898267 -0.106193 1.000000
0.891032 0.182589 1.000000
0.914271 0.023490 1.000000
0.912499 0.114043 1.000000
0.922096 -0.068319 1.000000
0.884834 0.285156 1.000000
0.915083 0.190362 1.000000
0.890939 0.298767 1.000000
0.831546 0.448367 1.000000
0.931561 0.184980 1.000000
0.944210 -0.141634 1.000000
0.956037 0.084894 1.000000
0.959012 -0.105747 1.000000
0.961630 0.125994 1.000000
0.966552 0.127112 1.000000
0.908897 -0.366210 1.000000
0.983846 0.046072 1.000000
0.973726 -0.178490 1.000000
0.897655 -0.429175 1.000000
0.983913 -0.178650 1.000000
0.000000 -0.000000 2.000000
0.004765 -0.001595 2.000000
0.009699 -0.002634 2.000000
0.015072 -0.000326 2.000000
0.017810 -0.009318 2.000000
0.025112 -0.000819 2.000000
0.030107 0.001631 2.000000
0.029857 -0.018599 2.000000
0.032252 -0.023999 2.000000
0.043303 -0.013047 2.000000
0.043698 -0.024813 2.000000
0.055105 -0.004344 2.000000
0.058314 -0.015353 2.000000
0.064792 -0.008338 2.000000
0.065997 -0.024368 2.000000
0.071395 -0.024174 2.000000
0.067838 -0.043157 2.000000
0.077015 -0.036967 2.000000
0.069436 -0.057967 2.000000
0.069323 -0.065653 2.000000
0.082417 -0.057517 2.000000
0.093038 -0.049799 2.000000
0.075029 -0.081194 2.000000
0.104160 -0.050089 2.000000
0.095759 -0.073316 2.000000
0.111496 -0.057888 2.000000
0.081088 -0.102445 2.000000
0.064659 -0.119280 2.000000
0.128367 -0.057614 2.000000
0.135629 -0.053307 2.000000
0.096655 -0.115691 2.000000
0.136297 -0.075434 2.000000
0.102477 -0.123921 2.000000
0.110083 -0.124020 2.000000
0.146775 -0.087455 2.000000
0.088086 -0.152232 2.000000
0.080352 -0.162080 2.000000
0.098389 -0.157764 2.000000
0.114446 -0.152859 2.000000
0.084920 -0.176626 2.000000
0.147577 -0.136470 2.000000
0.117511 -0.169232 2.000000
0.129024 -0.167024 2.000000
0.102499 -0.190223 2.000000
0.090160 -0.201888 2.000000
0.113551 -0.195554 2.000000
0.158552 -0.168209 2.000000
0.044361 -0.231977 2.000000
0.130442 -0.202892 2.000000
0.100449 -0.224811 2.000000
0.065744 -0.242502 2.000000
0.126383 -0.222952 2.000000
0.095008 -0.243423 2.000000
0.111018 -0.242090 2.000000
0.063734 -0.263766 2.000000
0.149015 -0.232769 2.000000
-0.011433 -0.281175 2.000000
0.121720 -0.259283 2.000000
0.131810 -0.259949 2.000000
-0.140344 -0.261162 2.000000
0.051266 -0.297117 2.000000
0.123393 -0.280600 2.000000
-0.003304 -0.311540 2.000000
0.037281 -0.314380 2.000000
0.059614 -0.316035 2.000000
0.060881 -0.320909 2.000000
0.011549 -0.331457 2.000000
0.027682 -0.335543 2.000000
0.039578 -0.339409 2.000000
0.066388 -0.340319 2.000000
-0.078808 -0.342817 2.000000
-0.124778 -0.334253 2.000000
0.037785 -0.359831 2.000000
-0.033854 -0.365269 2.000000
-0.078311 -0.363520 2.000000
-0.014289 -0.376613 2.000000
-0.110241 -0.365653 2.000000
0.039188 -0.384945 2.000000
-0.052790 -0.388389 2.000000
-0.042309 -0.394724 2.000000
-0.116770 -0.384678 2.000000
-0.179139 -0.365495 2.000000
-0.094134 -0.401164 2.000000
0.022203 -0.416494 2.000000
-0.107698 -0.408140 2.000000
-0.164985 -0.393986 2.000000
-0.041186 -0.430194 2.000000
-0.133817 -0.416203 2.000000
-0.195774 -0.396514 2.000000
-0.279989 -0.348749 2.000000
-0.093555 -0.442479 2.000000
-0.146348 -0.433236 2.000000
-0.191897 -0.420604 2.000000
-0.239721 -0.401170 2.000000
-0.247663 -0.402230 2.000000
-0.258126 -0.401583 2.000000
-0.203470 -0.437403 2.000000
-0.300173 -0.384046 2.000000
-0.139975 -0.472150 2.000000
-0.259010 -0.424744 2.000000
-0.270900 -0.423240 2.000000
-0.270459 -0.429472 2.000000
-0.152734 -0.489278 2.000000
-0.424234 -0.296517 2.000000
-0.383848 -0.354662 2.000000
-0.277917 -0.448514 2.000000
-0.427967 -0.317135 2.000000
-0.168770 -0.510515 2.000000
-0.439943 -0.317787 2.000000
-0.247365 -0.488700 2.000000
-0.463310 -0.301483 2.000000
-0.483366 -0.278363 2.000000
-0.397924 -0.398015 2.000000
-0.485551 -0.294417 2.000000
-0.522293 -0.235336 2.000000
-0.541183 -0.202676 2.000000
-0.528798 -0.245279 2.000000
-0.476683 -0.344161 2.000000
-0.495199 -0.326167 2.000000
-0.321604 -0.504146 2.000000
-0.573766 -0.185526 2.000000
-0.580834 -0.179848 2.000000
-0.581809 -0.193255 2.000000
-0.607635 -0.113204 2.000000
-0.529783 -0.328028 2.000000
-0.380883 -0.499489 2.000000
-0.559092 -0.297178 2.000000
-0.533052 -0.350918 2.000000
-0.603784 -0.221748 2.000000
-0.630051 -0.152486 2.000000
-0.542518 -0.363911 2.000000
-0.494593 -0.434426 2.000000
-0.639366 -0.176634 2.000000
-0.636007 -0.205366 2.000000
-0.672108 -0.041159 2.000000
-0.627862 -0.256915 2.000000
-0.632129 -0.259753 2.000000
-0.683513 -0.082234 2.000000
-0.668744 -0.183517 2.000000
-0.680471 -0.157643 2.000000
-0.700798 -0.061799 2.000000
-0.680345 -0.197897 2.000000
-0.698503 -0.145850 2.000000
-0.678142 -0.237696 2.000000
-0.723538 0.010754 2.000000
-0.697509 -0.210718 2.000000
-0.722488 -0.127595 2.000000
-0.716976 -0.177802 2.000000
-0.740783 0.066009 2.000000
-0.746004 0.063996 2.000000
-0.753543 -0.018455 2.000000
-0.757639 -0.041846 2.000000
-0.752396 0.131604 2.000000
-0.768346 -0.027679 2.000000
-0.751448 0.184931 2.000000
-0.778787 0.012913 2.000000
-0.783907 -0.004496 2.000000
-0.745333 0.258675 2.000000
-0.769866 0.194150 2.000000
-0.791235 0.111088 2.000000
-0.800639 0.073654 2.000000
-0.780246 0.213938 2.000000
-0.807629 -0.102207 2.000000
-0.755997 0.315256 2.000000
-0.818351 -0.097348 2.000000
-0.757450 0.337272 2.000000
-0.770700 0.319159 2.000000
-0.672228 0.502354 2.000000
-0.825643 0.176133 2.000000
-0.738031 0.420153 2.000000
-0.740343 0.426231 2.000000
-0.792989 0.330996 2.000000
-0.844005 0.186298 2.000000
-0.837673 0.232525 2.000000
-0.863189 0.139396 2.000000
-0.842623 0.251646 2.000000
-0.755293 0.460147 2.000000
-0.840432 0.291187 2.000000
-0.825064 0.345472 2.000000
-0.813691 0.383409 2.000000
-0.560133 0.710220 2.000000
-0.756945 0.504293 2.000000
-0.680356 0.611195 2.000000
-0.649113 0.651393 2.000000
-0.704500 0.598839 2.000000
-0.506616 0.779478 2.000000
-0.308793 0.882191 2.000000
-0.920563 0.188670 2.000000
-0.540415 0.774890 2.000000
-0.652384 0.690230 2.000000
-0.570387 0.765671 2.000000
-0.729944 0.623214 2.000000
-0.358290 0.895832 2.000000
-0.665035 0.705929 2.000000
-0.535916 0.814355 2.000000
-0.695766 0.690009 2.000000
-0.630284 0.756847 2.000000
-0.484106 0.863505 2.000000
-0.556798 0.824591 2.000000
-0.517448 0.855714 2.000000
