   4.6680737e+00  -8.4344452e+00   1.0000000e+00
   4.3723388e+00  -8.6169740e+00   1.0000000e+00
   4.3894964e+00  -8.9233165e+00   1.0000000e+00
   4.5643168e+00  -8.6872585e+00   1.0000000e+00
   4.2224934e+00  -8.4812494e+00   1.0000000e+00
   3.7633107e+00  -8.8359478e+00   1.0000000e+00
   4.2017011e+00  -8.9531192e+00   1.0000000e+00
   4.6908907e+00  -8.6321874e+00   1.0000000e+00
   4.4419938e+00  -8.7560423e+00   1.0000000e+00
   4.2090409e+00  -8.4895849e+00   1.0000000e+00
   4.0282613e+00  -8.1828122e+00   1.0000000e+00
   4.3860341e+00  -8.5957663e+00   1.0000000e+00
   4.3056480e+00  -8.3016342e+00   1.0000000e+00
   4.0516492e+00  -8.9766058e+00   1.0000000e+00
   3.9573175e+00  -8.8952773e+00   1.0000000e+00
   4.5042381e+00  -8.9870889e+00   1.0000000e+00
   4.2689923e+00  -8.8891225e+00   1.0000000e+00
   4.2104000e+00  -8.8021635e+00   1.0000000e+00
   4.1020042e+00  -8.8155193e+00   1.0000000e+00
   4.2222485e+00  -9.1273212e+00   1.0000000e+00
   4.2879765e+00  -8.8587644e+00   1.0000000e+00
   4.4954329e+00  -8.2852207e+00   1.0000000e+00
   4.0413231e+00  -8.4476327e+00   1.0000000e+00
   4.4862354e+00  -8.9027181e+00   1.0000000e+00
   4.3466390e+00  -8.8407510e+00   1.0000000e+00
   4.6526013e+00  -8.6560199e+00   1.0000000e+00
   4.2501000e+00  -8.6657510e+00   1.0000000e+00
   4.6876283e+00  -8.9037574e+00   1.0000000e+00
   3.9742220e+00  -8.7136109e+00   1.0000000e+00
   4.4122958e+00  -8.8745452e+00   1.0000000e+00
   4.1100192e+00  -8.7546244e+00   1.0000000e+00
   4.2329097e+00  -8.4555805e+00   1.0000000e+00
   4.1642948e+00  -8.3464781e+00   1.0000000e+00
   4.1968660e+00  -8.3306886e+00   1.0000000e+00
   3.8654215e+00  -8.6825766e+00   1.0000000e+00
   4.5517164e+00  -8.4055091e+00   1.0000000e+00
   4.5151880e+00  -8.5855361e+00   1.0000000e+00
   4.6771943e+00  -8.5630608e+00   1.0000000e+00
   3.8766952e+00  -8.7593746e+00   1.0000000e+00
   3.9164009e+00  -8.5724318e+00   1.0000000e+00
   4.3329282e+00  -8.6182301e+00   1.0000000e+00
   3.8802349e+00  -8.7401152e+00   1.0000000e+00
   3.9735180e+00  -8.7772361e+00   1.0000000e+00
   4.2600023e+00  -8.5692688e+00   1.0000000e+00
   4.4416225e+00  -8.4968961e+00   1.0000000e+00
   4.1423816e+00  -8.5577402e+00   1.0000000e+00
   4.5703784e+00  -8.6508459e+00   1.0000000e+00
   4.5815279e+00  -8.7551868e+00   1.0000000e+00
   4.5784503e+00  -8.7412468e+00   1.0000000e+00
   4.3050613e+00  -8.8402197e+00   1.0000000e+00
   4.0637699e+00  -8.8412994e+00   1.0000000e+00
   3.8850825e+00  -8.9658272e+00   1.0000000e+00
   4.2470142e+00  -8.6610631e+00   1.0000000e+00
   4.4332448e+00  -8.5771042e+00   1.0000000e+00
   4.2029167e+00  -8.6821484e+00   1.0000000e+00
   4.1018329e+00  -8.8847410e+00   1.0000000e+00
   4.1447359e+00  -8.8531392e+00   1.0000000e+00
   4.2286911e+00  -8.7912135e+00   1.0000000e+00
   4.2312599e+00  -8.9913627e+00   1.0000000e+00
   4.3257217e+00  -9.0205200e+00   1.0000000e+00
   4.1163538e+00  -8.4847554e+00   1.0000000e+00
   4.9405796e+00  -9.0080384e+00   1.0000000e+00
   4.0868700e+00  -8.9610911e+00   1.0000000e+00
   4.2648669e+00  -8.6874810e+00   1.0000000e+00
   4.3653003e+00  -8.5529668e+00   1.0000000e+00
   4.3634202e+00  -8.8073498e+00   1.0000000e+00
   4.2393761e+00  -8.8628121e+00   1.0000000e+00
   3.8176173e+00  -8.9630376e+00   1.0000000e+00
   4.4622371e+00  -8.5134067e+00   1.0000000e+00
   4.5569980e+00  -8.7643235e+00   1.0000000e+00
   4.1292777e+00  -8.8216012e+00   1.0000000e+00
   4.4856637e+00  -8.8016564e+00   1.0000000e+00
   4.2093440e+00  -8.6006556e+00   1.0000000e+00
   4.1753302e+00  -8.3103186e+00   1.0000000e+00
   4.4671443e+00  -8.7091668e+00   1.0000000e+00
   4.3892685e+00  -8.4409491e+00   1.0000000e+00
   4.2920263e+00  -8.8649200e+00   1.0000000e+00
   4.5617131e+00  -8.4338070e+00   1.0000000e+00
   4.1034029e+00  -9.0354945e+00   1.0000000e+00
   4.0009824e+00  -8.5099649e+00   1.0000000e+00
   4.5197538e+00  -8.8448417e+00   1.0000000e+00
   4.2444031e+00  -8.7672827e+00   1.0000000e+00
   4.1788248e+00  -8.9693769e+00   1.0000000e+00
   4.2513831e+00  -8.7824727e+00   1.0000000e+00
   4.2361504e+00  -8.4398675e+00   1.0000000e+00
   4.2820253e+00  -8.5637847e+00   1.0000000e+00
   4.5990560e+00  -8.8728129e+00   1.0000000e+00
   4.0320295e+00  -8.4298911e+00   1.0000000e+00
   3.8940296e+00  -8.3372280e+00   1.0000000e+00
   4.1011224e+00  -8.8213548e+00   1.0000000e+00
   4.2335464e+00  -8.7876615e+00   1.0000000e+00
   4.1877642e+00  -9.1485559e+00   1.0000000e+00
   4.2554652e+00  -8.4644740e+00   1.0000000e+00
   4.5307930e+00  -8.5721846e+00   1.0000000e+00
   3.8935526e+00  -8.7828563e+00   1.0000000e+00
   3.8132396e+00  -8.3830911e+00   1.0000000e+00
   4.2090770e+00  -8.4486951e+00   1.0000000e+00
   4.1938277e+00  -8.5026792e+00   1.0000000e+00
   4.0317513e+00  -8.8352591e+00   1.0000000e+00
   4.3644877e+00  -8.9236201e+00   1.0000000e+00
   4.2970518e+00  -4.9178031e+00   2.0000000e+00
   4.3899235e+00  -4.5808188e+00   2.0000000e+00
   3.8472834e+00  -4.5655623e+00   2.0000000e+00
   4.3013617e+00  -4.9050171e+00   2.0000000e+00
   4.0671992e+00  -4.6000307e+00   2.0000000e+00
   4.3646907e+00  -4.1177854e+00   2.0000000e+00
   4.2846500e+00  -4.7451800e+00   2.0000000e+00
   4.4817669e+00  -5.2090775e+00   2.0000000e+00
   4.6046739e+00  -4.7248200e+00   2.0000000e+00
   3.9994855e+00  -4.7342937e+00   2.0000000e+00
   4.5157043e+00  -4.5695857e+00   2.0000000e+00
   4.1063707e+00  -4.4039602e+00   2.0000000e+00
   4.4707413e+00  -4.5887563e+00   2.0000000e+00
   4.4484080e+00  -4.2227882e+00   2.0000000e+00
   4.5554550e+00  -4.9426122e+00   2.0000000e+00
   4.5138028e+00  -4.8315679e+00   2.0000000e+00
   4.4816289e+00  -4.6788888e+00   2.0000000e+00
   4.3980685e+00  -4.5468986e+00   2.0000000e+00
   4.0075481e+00  -4.2544460e+00   2.0000000e+00
   4.1934279e+00  -4.7475142e+00   2.0000000e+00
   4.3703619e+00  -5.0700760e+00   2.0000000e+00
   4.3644385e+00  -4.7507674e+00   2.0000000e+00
   4.2436264e+00  -4.6554279e+00   2.0000000e+00
   4.5080428e+00  -4.7218315e+00   2.0000000e+00
   4.1679125e+00  -4.7636652e+00   2.0000000e+00
   4.6193853e+00  -4.3566096e+00   2.0000000e+00
   4.2280437e+00  -4.4201987e+00   2.0000000e+00
   4.6010235e+00  -4.5765565e+00   2.0000000e+00
   4.2531543e+00  -4.5470527e+00   2.0000000e+00
   4.8306695e+00  -3.9938552e+00   2.0000000e+00
   4.2499787e+00  -4.5613219e+00   2.0000000e+00
   4.3670166e+00  -4.5354972e+00   2.0000000e+00
   3.9631442e+00  -4.6502620e+00   2.0000000e+00
   4.3005333e+00  -4.4602187e+00   2.0000000e+00
   4.1894902e+00  -4.6259482e+00   2.0000000e+00
   4.6117048e+00  -4.4890926e+00   2.0000000e+00
   3.8122706e+00  -4.5120158e+00   2.0000000e+00
   4.3722829e+00  -4.4002400e+00   2.0000000e+00
   4.0568610e+00  -4.4769555e+00   2.0000000e+00
   4.7274976e+00  -4.7424117e+00   2.0000000e+00
   4.4880586e+00  -5.1468448e+00   2.0000000e+00
   4.2003383e+00  -4.4105483e+00   2.0000000e+00
   4.4592709e+00  -4.4541547e+00   2.0000000e+00
   4.3841823e+00  -4.3081288e+00   2.0000000e+00
   4.0529808e+00  -4.2708542e+00   2.0000000e+00
   4.2215570e+00  -4.4903043e+00   2.0000000e+00
   4.1729080e+00  -4.6884469e+00   2.0000000e+00
   4.3607753e+00  -4.4619778e+00   2.0000000e+00
   4.7323222e+00  -4.7887122e+00   2.0000000e+00
   4.2154560e+00  -4.1183929e+00   2.0000000e+00
   4.5254026e+00  -4.3964310e+00   2.0000000e+00
   4.4296097e+00  -4.3699939e+00   2.0000000e+00
   4.4706982e+00  -4.3345175e+00   2.0000000e+00
   4.5283564e+00  -4.3080830e+00   2.0000000e+00
   4.5458105e+00  -4.5097600e+00   2.0000000e+00
   4.5272919e+00  -4.4732186e+00   2.0000000e+00
   4.4670120e+00  -4.2462654e+00   2.0000000e+00
   4.4825607e+00  -4.4665385e+00   2.0000000e+00
   4.5744152e+00  -4.2808911e+00   2.0000000e+00
   4.0754052e+00  -4.9129769e+00   2.0000000e+00
   4.3875775e+00  -4.5416409e+00   2.0000000e+00
   4.5124761e+00  -4.6189998e+00   2.0000000e+00
   4.8075756e+00  -4.6414119e+00   2.0000000e+00
   4.3774406e+00  -4.6568862e+00   2.0000000e+00
   4.9142494e+00  -4.3690649e+00   2.0000000e+00
   4.2589372e+00  -4.5976183e+00   2.0000000e+00
   4.5484443e+00  -4.4549602e+00   2.0000000e+00
   3.8978571e+00  -4.6124902e+00   2.0000000e+00
   4.4008233e+00  -4.6719983e+00   2.0000000e+00
   4.5271456e+00  -4.5937224e+00   2.0000000e+00
   3.8902706e+00  -4.5719862e+00   2.0000000e+00
   3.9147392e+00  -4.5692993e+00   2.0000000e+00
   4.4246721e+00  -4.3205500e+00   2.0000000e+00
   4.0920646e+00  -4.6081724e+00   2.0000000e+00
   3.8508147e+00  -4.4498460e+00   2.0000000e+00
   4.6757928e+00  -4.5691629e+00   2.0000000e+00
   4.1898181e+00  -4.8600690e+00   2.0000000e+00
   4.3822444e+00  -4.7705922e+00   2.0000000e+00
   5.0855787e+00  -4.5188450e+00   2.0000000e+00
   4.3472543e+00  -4.7167419e+00   2.0000000e+00
   4.2938460e+00  -4.2420620e+00   2.0000000e+00
   4.3747337e+00  -4.7988317e+00   2.0000000e+00
   4.2084326e+00  -4.4081259e+00   2.0000000e+00
   4.5972004e+00  -4.2730217e+00   2.0000000e+00
   4.4300662e+00  -4.4559046e+00   2.0000000e+00
   4.2372469e+00  -4.5546064e+00   2.0000000e+00
   4.2850429e+00  -4.5774204e+00   2.0000000e+00
   4.3739685e+00  -4.8174714e+00   2.0000000e+00
   4.3775091e+00  -4.7676522e+00   2.0000000e+00
   4.5813696e+00  -4.5209284e+00   2.0000000e+00
   4.2599740e+00  -4.6459342e+00   2.0000000e+00
   4.6262569e+00  -4.5329395e+00   2.0000000e+00
   4.2429673e+00  -4.3609551e+00   2.0000000e+00
   4.0240995e+00  -5.0647707e+00   2.0000000e+00
   4.5851515e+00  -4.6790780e+00   2.0000000e+00
   4.3230043e+00  -4.4054370e+00   2.0000000e+00
   4.0167210e+00  -4.6263697e+00   2.0000000e+00
   4.2640537e+00  -4.5077203e+00   2.0000000e+00
   4.6631637e+00  -4.5768292e+00   2.0000000e+00
   4.1146333e+00  -4.8647536e+00   2.0000000e+00
   8.1667340e-01  -3.1377851e+00   3.0000000e+00
   6.2685321e-01  -3.2881868e+00   3.0000000e+00
   1.8154111e-01  -3.4346770e+00   3.0000000e+00
   7.9537198e-01  -3.0132470e+00   3.0000000e+00
   4.2735172e-01  -3.5110786e+00   3.0000000e+00
   6.3933324e-01  -3.1974201e+00   3.0000000e+00
   7.1326984e-01  -3.0045450e+00   3.0000000e+00
   6.9515976e-01  -3.0026086e+00   3.0000000e+00
   5.6902168e-01  -3.0409420e+00   3.0000000e+00
   5.6940205e-01  -3.2809029e+00   3.0000000e+00
   1.5582097e-01  -3.4447294e+00   3.0000000e+00
   8.3395124e-01  -3.1664148e+00   3.0000000e+00
   6.5150578e-01  -3.0568376e+00   3.0000000e+00
   4.6932943e-01  -3.5613455e+00   3.0000000e+00
   8.3618096e-01  -3.1512162e+00   3.0000000e+00
   2.7727024e-01  -3.5983459e+00   3.0000000e+00
   5.7793636e-01  -3.4754655e+00   3.0000000e+00
   7.4399396e-01  -3.1018160e+00   3.0000000e+00
   3.4404229e-01  -3.2904346e+00   3.0000000e+00
   4.2175105e-01  -3.3438127e+00   3.0000000e+00
   5.8077182e-01  -3.4142794e+00   3.0000000e+00
   1.2277528e+00  -2.9568303e+00   3.0000000e+00
   1.1694722e+00  -3.4756998e+00   3.0000000e+00
   5.4870361e-01  -3.3138013e+00   3.0000000e+00
   4.2087632e-01  -3.8351744e+00   3.0000000e+00
   6.3820431e-01  -3.2419688e+00   3.0000000e+00
   6.8897303e-01  -2.9873695e+00   3.0000000e+00
   6.5883460e-01  -2.8926776e+00   3.0000000e+00
   4.7608365e-01  -3.0287800e+00   3.0000000e+00
   6.8747387e-01  -3.3062451e+00   3.0000000e+00
   3.7933180e-01  -3.2094617e+00   3.0000000e+00
   1.0420603e+00  -3.1677368e+00   3.0000000e+00
   8.7629220e-01  -3.0288364e+00   3.0000000e+00
   5.1983986e-01  -3.6663361e+00   3.0000000e+00
   9.7289296e-01  -3.5200456e+00   3.0000000e+00
   3.6881674e-01  -3.3699337e+00   3.0000000e+00
   8.5111460e-02  -2.8140320e+00   3.0000000e+00
   5.5474797e-01  -3.7817796e+00   3.0000000e+00
   5.2605865e-01  -3.2236661e+00   3.0000000e+00
   8.2959135e-01  -3.8249500e+00   3.0000000e+00
   8.7416143e-01  -2.9915252e+00   3.0000000e+00
   7.3714985e-01  -3.0386973e+00   3.0000000e+00
   9.7613011e-01  -3.0956105e+00   3.0000000e+00
   2.6118178e-01  -3.0945010e+00   3.0000000e+00
   5.6134718e-01  -3.2230759e+00   3.0000000e+00
   4.8685803e-01  -3.2905912e+00   3.0000000e+00
   6.0158431e-01  -3.6036439e+00   3.0000000e+00
   8.6819003e-01  -3.5694319e+00   3.0000000e+00
   7.4266569e-01  -2.9581476e+00   3.0000000e+00
   7.4284160e-01  -3.4317626e+00   3.0000000e+00
   7.2150726e-01  -3.2673342e+00   3.0000000e+00
   4.0292686e-01  -3.8958092e+00   3.0000000e+00
   4.4703034e-01  -2.9529486e+00   3.0000000e+00
   5.4566243e-01  -3.1537404e+00   3.0000000e+00
   4.3735776e-01  -3.2004134e+00   3.0000000e+00
   5.6337858e-01  -3.1411072e+00   3.0000000e+00
   5.1898675e-01  -3.6475306e+00   3.0000000e+00
   9.7219866e-01  -3.2286801e+00   3.0000000e+00
   9.5026990e-01  -2.8688777e+00   3.0000000e+00
   3.0180275e-01  -3.2840900e+00   3.0000000e+00
   5.9092393e-01  -3.1021447e+00   3.0000000e+00
   6.3161924e-01  -3.1396995e+00   3.0000000e+00
   8.8993685e-01  -3.2748324e+00   3.0000000e+00
   6.9025505e-01  -3.0874411e+00   3.0000000e+00
   4.2822087e-01  -3.2395264e+00   3.0000000e+00
   3.2040547e-01  -3.7235289e+00   3.0000000e+00
   6.8604601e-01  -3.0809770e+00   3.0000000e+00
   7.6642845e-01  -3.0086690e+00   3.0000000e+00
   5.6696348e-01  -3.2350768e+00   3.0000000e+00
   5.0932370e-01  -3.1312276e+00   3.0000000e+00
   9.3057678e-01  -3.0338942e+00   3.0000000e+00
   6.6610472e-01  -2.6997170e+00   3.0000000e+00
   9.7647733e-01  -3.5156943e+00   3.0000000e+00
   8.4158953e-01  -3.2624790e+00   3.0000000e+00
   6.8922554e-01  -3.2571492e+00   3.0000000e+00
   4.6890650e-01  -3.4895588e+00   3.0000000e+00
   8.1574465e-02  -3.0675139e+00   3.0000000e+00
   2.4690420e-01  -3.0710979e+00   3.0000000e+00
   5.5435586e-01  -3.2240629e+00   3.0000000e+00
   5.1610314e-01  -2.9838767e+00   3.0000000e+00
   8.6534416e-01  -3.0690733e+00   3.0000000e+00
   5.8385958e-01  -3.0515923e+00   3.0000000e+00
   2.9704111e-01  -2.9442137e+00   3.0000000e+00
   4.0873468e-01  -3.1045272e+00   3.0000000e+00
   3.5834284e-01  -3.3425617e+00   3.0000000e+00
   4.8326472e-01  -3.4555277e+00   3.0000000e+00
   7.1341393e-01  -3.2085271e+00   3.0000000e+00
   5.8198281e-01  -3.3179458e+00   3.0000000e+00
   5.6928877e-01  -3.0344981e+00   3.0000000e+00
   5.5931338e-01  -2.9936266e+00   3.0000000e+00
   7.1092423e-01  -2.9813666e+00   3.0000000e+00
   2.0593294e-01  -3.3682124e+00   3.0000000e+00
   9.0048488e-01  -3.4282127e+00   3.0000000e+00
   7.3545457e-01  -2.9432819e+00   3.0000000e+00
   2.6815596e-01  -3.1270907e+00   3.0000000e+00
   3.3926290e-01  -3.6129971e+00   3.0000000e+00
   7.1173177e-01  -3.4017672e+00   3.0000000e+00
   2.9190644e-01  -3.3964350e+00   3.0000000e+00
   9.3177366e-01  -3.4607439e+00   3.0000000e+00
   8.1545196e-01  -2.9863077e+00   3.0000000e+00
  -1.9620238e+00  -6.4202019e+00   4.0000000e+00
  -2.1312156e+00  -6.4043770e+00   4.0000000e+00
  -2.0796291e+00  -6.5411909e+00   4.0000000e+00
  -2.0081172e+00  -6.5860433e+00   4.0000000e+00
  -1.8879894e+00  -6.4306971e+00   4.0000000e+00
  -1.9392577e+00  -6.5075527e+00   4.0000000e+00
  -2.2411138e+00  -6.2875798e+00   4.0000000e+00
  -1.8484463e+00  -6.3602991e+00   4.0000000e+00
  -2.0619036e+00  -6.4451579e+00   4.0000000e+00
  -2.0598126e+00  -6.7488931e+00   4.0000000e+00
  -1.7226922e+00  -6.5336794e+00   4.0000000e+00
  -1.8836463e+00  -6.5217478e+00   4.0000000e+00
  -1.9659277e+00  -6.5134833e+00   4.0000000e+00
  -1.7038732e+00  -6.4371816e+00   4.0000000e+00
  -1.8051830e+00  -6.3394808e+00   4.0000000e+00
  -1.7732144e+00  -6.1656203e+00   4.0000000e+00
  -2.2600400e+00  -6.1645845e+00   4.0000000e+00
  -2.3108591e+00  -6.6323779e+00   4.0000000e+00
  -1.5942559e+00  -6.5846844e+00   4.0000000e+00
  -1.9733726e+00  -6.5871428e+00   4.0000000e+00
  -1.6105706e+00  -6.6683109e+00   4.0000000e+00
  -2.2846336e+00  -6.1440321e+00   4.0000000e+00
  -2.1850421e+00  -6.3836391e+00   4.0000000e+00
  -1.9785092e+00  -6.5934382e+00   4.0000000e+00
  -1.9384089e+00  -6.2497081e+00   4.0000000e+00
  -1.6155233e+00  -6.0742407e+00   4.0000000e+00
  -1.6952974e+00  -6.2121742e+00   4.0000000e+00
  -1.4394235e+00  -6.6054421e+00   4.0000000e+00
  -1.7351389e+00  -6.2208940e+00   4.0000000e+00
  -2.0007564e+00  -6.4249778e+00   4.0000000e+00
  -2.1516428e+00  -6.2181128e+00   4.0000000e+00
  -1.9945941e+00  -7.0069832e+00   4.0000000e+00
  -1.6217409e+00  -6.2034340e+00   4.0000000e+00
  -1.9954326e+00  -6.5091207e+00   4.0000000e+00
  -2.2947137e+00  -6.1441108e+00   4.0000000e+00
  -1.7279304e+00  -6.5019134e+00   4.0000000e+00
  -2.2502724e+00  -6.6966168e+00   4.0000000e+00
  -1.5350035e+00  -6.4588560e+00   4.0000000e+00
  -1.7079336e+00  -6.2325423e+00   4.0000000e+00
  -2.0273860e+00  -6.5331940e+00   4.0000000e+00
  -1.8449949e+00  -6.2986576e+00   4.0000000e+00
  -2.4233110e+00  -6.5798785e+00   4.0000000e+00
  -1.8774981e+00  -6.6543651e+00   4.0000000e+00
  -1.9128171e+00  -6.1987211e+00   4.0000000e+00
  -1.3898171e+00  -6.3312709e+00   4.0000000e+00
  -1.8932775e+00  -6.1941146e+00   4.0000000e+00
  -2.2741188e+00  -6.3794524e+00   4.0000000e+00
  -1.6282280e+00  -6.4826886e+00   4.0000000e+00
  -1.7869377e+00  -6.6814331e+00   4.0000000e+00
  -1.9920964e+00  -6.3142565e+00   4.0000000e+00
  -2.1166451e+00  -6.7025400e+00   4.0000000e+00
  -2.0694643e+00  -6.8876114e+00   4.0000000e+00
  -1.8776155e+00  -6.5946072e+00   4.0000000e+00
  -1.8572657e+00  -6.5414014e+00   4.0000000e+00
  -1.5746488e+00  -6.4968159e+00   4.0000000e+00
  -2.0503475e+00  -6.3488570e+00   4.0000000e+00
  -1.9828770e+00  -6.5173260e+00   4.0000000e+00
  -2.1554921e+00  -6.8458400e+00   4.0000000e+00
  -1.9745700e+00  -6.2380686e+00   4.0000000e+00
  -2.0011782e+00  -6.5222958e+00   4.0000000e+00
  -2.0542389e+00  -6.6206176e+00   4.0000000e+00
  -2.1223507e+00  -6.1394181e+00   4.0000000e+00
  -1.8376338e+00  -6.5850261e+00   4.0000000e+00
  -2.0214223e+00  -6.8887794e+00   4.0000000e+00
  -1.5910638e+00  -6.4667262e+00   4.0000000e+00
  -2.0930429e+00  -5.9127486e+00   4.0000000e+00
  -1.7173082e+00  -6.1920756e+00   4.0000000e+00
  -1.9714267e+00  -6.4843454e+00   4.0000000e+00
  -2.0370727e+00  -6.4543382e+00   4.0000000e+00
  -1.6533568e+00  -6.0340417e+00   4.0000000e+00
  -1.7348500e+00  -6.4942359e+00   4.0000000e+00
  -2.1446108e+00  -6.4515240e+00   4.0000000e+00
  -1.7381799e+00  -6.7989288e+00   4.0000000e+00
  -2.2784092e+00  -6.7189947e+00   4.0000000e+00
  -1.6479763e+00  -6.6545415e+00   4.0000000e+00
  -2.1370278e+00  -6.0638641e+00   4.0000000e+00
  -1.9191370e+00  -6.2400358e+00   4.0000000e+00
  -1.7416524e+00  -6.2583334e+00   4.0000000e+00
  -1.6680984e+00  -6.3343713e+00   4.0000000e+00
  -2.0430240e+00  -6.2039113e+00   4.0000000e+00
  -1.7888128e+00  -6.5143867e+00   4.0000000e+00
  -1.9895918e+00  -6.3591201e+00   4.0000000e+00
  -2.0366645e+00  -6.2111199e+00   4.0000000e+00
  -2.1149968e+00  -6.4169698e+00   4.0000000e+00
  -2.1191391e+00  -6.7502714e+00   4.0000000e+00
  -1.9790618e+00  -6.0133135e+00   4.0000000e+00
  -1.8504258e+00  -6.2937969e+00   4.0000000e+00
  -1.4829136e+00  -6.5883472e+00   4.0000000e+00
  -2.1187500e+00  -6.5354818e+00   4.0000000e+00
  -1.8394814e+00  -6.4742259e+00   4.0000000e+00
  -1.9283298e+00  -6.2948742e+00   4.0000000e+00
  -1.4081826e+00  -6.5553641e+00   4.0000000e+00
  -1.9970082e+00  -6.2518230e+00   4.0000000e+00
  -2.0787672e+00  -6.1901611e+00   4.0000000e+00
  -1.7267965e+00  -6.6635445e+00   4.0000000e+00
  -1.8661108e+00  -6.5715327e+00   4.0000000e+00
  -1.8192664e+00  -6.3366766e+00   4.0000000e+00
  -2.1913410e+00  -6.1070552e+00   4.0000000e+00
  -1.4214817e+00  -6.8399429e+00   4.0000000e+00
  -1.9791271e+00  -6.4974474e+00   4.0000000e+00
   6.4491555e-01  -1.0079709e+01   5.0000000e+00
   3.4657651e-01  -1.0051188e+01   5.0000000e+00
   1.9864629e-01  -9.6885554e+00   5.0000000e+00
   5.2153705e-01  -9.7130014e+00   5.0000000e+00
   4.3399914e-01  -9.1494193e+00   5.0000000e+00
   3.1901209e-01  -9.5673700e+00   5.0000000e+00
   4.5940583e-01  -9.3179446e+00   5.0000000e+00
   2.4799222e-01  -9.6121513e+00   5.0000000e+00
  -7.6890639e-02  -1.0089323e+01   5.0000000e+00
   1.7750500e-01  -9.8462556e+00   5.0000000e+00
   5.3170445e-01  -9.7689596e+00   5.0000000e+00
   6.8708391e-01  -1.0063300e+01   5.0000000e+00
   4.2953159e-02  -9.7609717e+00   5.0000000e+00
   4.2533606e-01  -9.7227956e+00   5.0000000e+00
   4.4240304e-01  -9.9106690e+00   5.0000000e+00
   3.8617944e-01  -1.0019028e+01   5.0000000e+00
   2.2052692e-01  -9.6019329e+00   5.0000000e+00
   3.0070112e-01  -9.7383946e+00   5.0000000e+00
   3.1792558e-01  -1.0040920e+01   5.0000000e+00
   2.3587673e-01  -9.6645811e+00   5.0000000e+00
   3.7220935e-01  -9.6923668e+00   5.0000000e+00
   2.5508347e-01  -9.5903930e+00   5.0000000e+00
   3.6416721e-01  -9.7898211e+00   5.0000000e+00
   2.8000765e-01  -9.5176423e+00   5.0000000e+00
   1.9531025e-01  -9.3953499e+00   5.0000000e+00
   5.1294433e-01  -9.8585675e+00   5.0000000e+00
   3.2668441e-01  -9.8041260e+00   5.0000000e+00
   4.8811920e-01  -9.5936738e+00   5.0000000e+00
   3.2294142e-01  -9.5357967e+00   5.0000000e+00
   8.4870095e-01  -9.7955910e+00   5.0000000e+00
   5.1808706e-01  -9.9083727e+00   5.0000000e+00
   5.5372538e-01  -1.0059229e+01   5.0000000e+00
   1.2098191e-01  -9.8853511e+00   5.0000000e+00
   7.0125720e-01  -9.7624743e+00   5.0000000e+00
   4.5951256e-01  -9.5986865e+00   5.0000000e+00
   4.2582785e-01  -9.8007337e+00   5.0000000e+00
   3.5459237e-01  -9.8865717e+00   5.0000000e+00
   5.7184050e-01  -9.3565350e+00   5.0000000e+00
   2.1716218e-01  -9.9806783e+00   5.0000000e+00
   5.0679845e-01  -1.0188825e+01   5.0000000e+00
   8.6963585e-01  -1.0008551e+01   5.0000000e+00
   1.9072258e-01  -9.9022842e+00   5.0000000e+00
   9.7914035e-02  -9.7499901e+00   5.0000000e+00
   1.2740861e-01  -9.4142292e+00   5.0000000e+00
   3.2207682e-01  -9.7184567e+00   5.0000000e+00
   1.3746782e-01  -9.8574669e+00   5.0000000e+00
   2.8868599e-01  -1.0048424e+01   5.0000000e+00
   3.5314737e-01  -9.7172732e+00   5.0000000e+00
   3.2994696e-01  -9.6641162e+00   5.0000000e+00
   2.7273202e-01  -9.6015556e+00   5.0000000e+00
   6.8512360e-01  -9.6304997e+00   5.0000000e+00
   6.2623463e-01  -9.8322818e+00   5.0000000e+00
   4.9359915e-01  -1.0033683e+01   5.0000000e+00
   2.2541848e-01  -9.9517014e+00   5.0000000e+00
   2.7559579e-01  -9.6295643e+00   5.0000000e+00
   8.9956588e-02  -9.4333122e+00   5.0000000e+00
   5.8477826e-01  -9.3301714e+00   5.0000000e+00
   4.1138674e-01  -9.6668173e+00   5.0000000e+00
   7.2999412e-01  -9.7442830e+00   5.0000000e+00
   3.3274636e-01  -9.9320361e+00   5.0000000e+00
   2.7627935e-01  -9.5920568e+00   5.0000000e+00
   3.9426952e-01  -9.7383437e+00   5.0000000e+00
   6.7685231e-02  -9.7284401e+00   5.0000000e+00
   8.1347076e-01  -9.5975603e+00   5.0000000e+00
   6.0095503e-01  -9.7763992e+00   5.0000000e+00
  -8.7883398e-03  -1.0304476e+01   5.0000000e+00
   5.4056909e-01  -9.9953559e+00   5.0000000e+00
   4.8433076e-01  -9.5973524e+00   5.0000000e+00
   5.1988444e-01  -9.5337689e+00   5.0000000e+00
   6.5939946e-01  -9.8359536e+00   5.0000000e+00
   5.8278968e-01  -9.3407316e+00   5.0000000e+00
  -2.9812874e-01  -1.0056091e+01   5.0000000e+00
   6.2914072e-01  -9.8692701e+00   5.0000000e+00
   1.3927626e-01  -9.6734752e+00   5.0000000e+00
   4.2685291e-01  -9.2440983e+00   5.0000000e+00
   2.8462066e-01  -9.6528564e+00   5.0000000e+00
  -2.3901468e-03  -9.9276684e+00   5.0000000e+00
   1.4446883e-01  -9.4629628e+00   5.0000000e+00
   4.0975380e-01  -9.8821389e+00   5.0000000e+00
   1.4797280e-01  -9.6147374e+00   5.0000000e+00
  -2.4037406e-02  -9.5166500e+00   5.0000000e+00
   4.3863408e-01  -9.7829784e+00   5.0000000e+00
   7.3122842e-02  -1.0305218e+01   5.0000000e+00
   4.4466832e-01  -1.0258340e+01   5.0000000e+00
   3.7670949e-01  -9.7843988e+00   5.0000000e+00
   3.8938573e-01  -9.7600782e+00   5.0000000e+00
   2.3154830e-01  -9.8066550e+00   5.0000000e+00
   3.2798655e-01  -9.5907663e+00   5.0000000e+00
   2.6634989e-01  -1.0033913e+01   5.0000000e+00
   9.0344223e-02  -1.0084029e+01   5.0000000e+00
   6.1519998e-01  -9.9315267e+00   5.0000000e+00
   2.7704284e-01  -9.9252534e+00   5.0000000e+00
   2.6900757e-01  -9.9544257e+00   5.0000000e+00
   5.9738999e-01  -9.8689911e+00   5.0000000e+00
   5.8986949e-01  -9.8871859e+00   5.0000000e+00
   3.2285051e-01  -9.6196856e+00   5.0000000e+00
   7.5892427e-01  -9.5467224e+00   5.0000000e+00
   7.0222435e-01  -9.7879324e+00   5.0000000e+00
   2.2610255e-01  -9.7103442e+00   5.0000000e+00
   1.2539228e-01  -9.5493172e+00   5.0000000e+00
