  -1.5164183e+00   1.3592845e+01   1.0000000e+00
  -1.5161863e+00   1.2323256e+01   1.0000000e+00
  -1.5612576e+00   1.2051165e+01   1.0000000e+00
  -2.7338020e+00   1.2772424e+01   1.0000000e+00
   3.0628005e-01   1.3196997e+01   1.0000000e+00
   8.3676036e-01   1.3807634e+01   1.0000000e+00
  -5.1107804e-01   1.4813159e+01   1.0000000e+00
  -2.3347281e+00   1.5082758e+01   1.0000000e+00
  -9.0329745e-01   1.3082871e+01   1.0000000e+00
  -8.4407334e-01   1.4300795e+01   1.0000000e+00
  -7.8726926e-01   1.3011633e+01   1.0000000e+00
   6.2758025e-01   1.2224391e+01   1.0000000e+00
  -7.7085993e-01   1.1840125e+01   1.0000000e+00
  -5.9801469e-01   1.3774789e+01   1.0000000e+00
  -1.0601198e+00   1.4675771e+01   1.0000000e+00
  -2.1554868e+00   1.1523813e+01   1.0000000e+00
   8.5279284e-01   1.7898071e+01   1.0000000e+00
  -1.5219455e+00   1.4060914e+01   1.0000000e+00
  -1.7512487e-01   1.4638869e+01   1.0000000e+00
  -1.9078595e+00   1.2975171e+01   1.0000000e+00
  -4.9934498e-01   1.2678127e+01   1.0000000e+00
   8.7919432e-02   1.5192852e+01   1.0000000e+00
   1.0991000e+00   1.2222560e+01   1.0000000e+00
   9.1408272e-01   1.2717238e+01   1.0000000e+00
  -2.1369477e+00   1.4313585e+01   1.0000000e+00
  -1.4252533e+00   1.2683296e+01   1.0000000e+00
  -4.3147082e-01   1.2681301e+01   1.0000000e+00
  -8.8795186e-01   1.3816279e+01   1.0000000e+00
  -1.1585662e+00   1.3721534e+01   1.0000000e+00
  -5.9750961e-01   1.3177366e+01   1.0000000e+00
   9.1789617e-01   1.2828160e+01   1.0000000e+00
   7.4311464e-01   1.3222023e+01   1.0000000e+00
  -1.6606568e+00   1.4286669e+01   1.0000000e+00
  -5.0057842e+00   1.2614722e+01   1.0000000e+00
   1.1491962e+00   1.4163100e+01   1.0000000e+00
  -1.6331729e-01   1.2123792e+01   1.0000000e+00
  -1.5674668e+00   1.3031327e+01   1.0000000e+00
  -2.0740146e+00   1.3603404e+01   1.0000000e+00
  -1.3048169e+00   1.1946331e+01   1.0000000e+00
  -2.9995459e+00   1.2283289e+01   1.0000000e+00
  -2.5728809e+00   1.2718271e+01   1.0000000e+00
  -2.6415130e+00   1.3371128e+01   1.0000000e+00
  -1.4419092e+00   1.3063733e+01   1.0000000e+00
  -3.3235285e-01   1.3423434e+01   1.0000000e+00
  -1.2417443e+00   1.1133522e+01   1.0000000e+00
  -9.5813190e-01   1.6485651e+01   1.0000000e+00
  -2.1396270e-01   1.4544780e+01   1.0000000e+00
  -2.6504570e+00   1.4035792e+01   1.0000000e+00
  -1.8502910e+00   1.4249411e+01   1.0000000e+00
  -2.7961791e+00   1.5196871e+01   1.0000000e+00
  -2.4911717e+00   1.2895202e+01   1.0000000e+00
   9.3347356e-01   1.4428956e+01   1.0000000e+00
  -2.4010893e+00   1.5703568e+01   1.0000000e+00
  -2.1112204e+00   1.4374023e+01   1.0000000e+00
  -1.8260104e-01   1.6705800e+01   1.0000000e+00
   5.3743545e-01   1.3577269e+01   1.0000000e+00
  -1.2864976e+00   9.9045727e+00   1.0000000e+00
   3.9033023e-01   1.1617677e+01   1.0000000e+00
  -1.3071096e+00   1.4839216e+01   1.0000000e+00
  -4.2852350e-01   1.3985073e+01   1.0000000e+00
  -1.6466777e+00   1.2674344e+01   1.0000000e+00
  -1.1707003e+00   1.4738796e+01   1.0000000e+00
  -1.7603395e+00   1.3835319e+01   1.0000000e+00
  -1.4287933e+00   1.2545619e+01   1.0000000e+00
  -2.1197060e+00   1.3652863e+01   1.0000000e+00
  -3.1389230e-01   1.1678842e+01   1.0000000e+00
  -1.8583020e+00   1.4449069e+01   1.0000000e+00
  -1.7878343e+00   1.4261335e+01   1.0000000e+00
   1.7229124e-01   1.2296928e+01   1.0000000e+00
  -4.1874166e-02   1.3476123e+01   1.0000000e+00
  -4.4038609e-01   1.2230768e+01   1.0000000e+00
  -4.9310496e-01   1.2970928e+01   1.0000000e+00
  -5.4662079e-01   1.2629134e+01   1.0000000e+00
  -2.7873143e+00   1.3304287e+01   1.0000000e+00
  -1.9230851e+00   1.4079861e+01   1.0000000e+00
  -1.5014845e+00   1.4768606e+01   1.0000000e+00
  -6.2145767e-01   1.3046314e+01   1.0000000e+00
  -6.9475051e-01   1.4011920e+01   1.0000000e+00
   5.5730140e-02   1.3652605e+01   1.0000000e+00
  -4.8027261e+00   1.4645351e+01   1.0000000e+00
   1.3232551e-01   1.3950961e+01   1.0000000e+00
  -1.6687779e+00   1.3239235e+01   1.0000000e+00
  -1.4088460e+00   1.4214389e+01   1.0000000e+00
  -1.3011807e+00   1.2523043e+01   1.0000000e+00
  -1.1433342e+00   1.2665902e+01   1.0000000e+00
  -1.2413677e+00   1.1657331e+01   1.0000000e+00
  -7.0172562e-01   1.2720023e+01   1.0000000e+00
   1.5025841e+00   1.5177432e+01   1.0000000e+00
  -1.6913273e-01   1.2583444e+01   1.0000000e+00
  -1.3044549e+00   1.2961353e+01   1.0000000e+00
   4.1166850e-01   1.5495918e+01   1.0000000e+00
  -3.0526747e-02   1.4758687e+01   1.0000000e+00
   1.3932721e+00   1.3960020e+01   1.0000000e+00
  -2.2329281e+00   1.3189982e+01   1.0000000e+00
  -6.8985709e-01   1.1173513e+01   1.0000000e+00
  -1.1231710e+00   1.4389378e+01   1.0000000e+00
  -9.1380384e-01   1.3332891e+01   1.0000000e+00
  -1.2867318e+00   1.5149305e+01   1.0000000e+00
  -2.2204056e-01   1.3407852e+01   1.0000000e+00
  -1.9689132e+00   1.7016439e+01   1.0000000e+00
  -7.5627192e+00   1.5180003e+01   2.0000000e+00
  -6.7457783e+00   1.1908743e+01   2.0000000e+00
  -6.1561375e+00   1.3345725e+01   2.0000000e+00
  -5.4538596e+00   1.1896467e+01   2.0000000e+00
  -8.3430127e+00   1.3938777e+01   2.0000000e+00
  -1.0377329e+01   1.3141923e+01   2.0000000e+00
  -8.7501856e+00   1.0917673e+01   2.0000000e+00
  -5.3947067e+00   1.4188917e+01   2.0000000e+00
  -8.2751491e+00   1.0959516e+01   2.0000000e+00
  -9.0049853e+00   1.3669556e+01   2.0000000e+00
  -9.3277272e+00   1.1126346e+01   2.0000000e+00
  -6.4923428e+00   1.2816142e+01   2.0000000e+00
  -6.0696871e+00   1.1963551e+01   2.0000000e+00
  -6.7723909e+00   1.2838551e+01   2.0000000e+00
  -4.6875819e+00   1.2385811e+01   2.0000000e+00
  -8.0451498e+00   1.3162130e+01   2.0000000e+00
  -7.0311727e+00   1.1386646e+01   2.0000000e+00
  -7.1851148e+00   1.2967818e+01   2.0000000e+00
  -5.1651554e+00   1.1325524e+01   2.0000000e+00
  -8.5373119e+00   1.0326013e+01   2.0000000e+00
  -5.7419264e+00   1.3809716e+01   2.0000000e+00
  -8.7985332e+00   1.1678243e+01   2.0000000e+00
  -7.6997246e+00   1.2073265e+01   2.0000000e+00
  -6.3599050e+00   1.3102421e+01   2.0000000e+00
  -6.8271995e+00   1.4231092e+01   2.0000000e+00
  -8.4628784e+00   1.3631354e+01   2.0000000e+00
  -4.4834431e+00   1.3512538e+01   2.0000000e+00
  -5.7528918e+00   1.4344665e+01   2.0000000e+00
  -5.1474433e+00   1.1466065e+01   2.0000000e+00
  -7.1311886e+00   1.1886212e+01   2.0000000e+00
  -7.7391654e+00   1.0633071e+01   2.0000000e+00
  -6.2973188e+00   1.3168971e+01   2.0000000e+00
  -2.8059403e+00   1.3748160e+01   2.0000000e+00
  -6.9347588e+00   1.0063771e+01   2.0000000e+00
  -6.1736332e+00   1.1078409e+01   2.0000000e+00
  -6.7576954e+00   1.3847604e+01   2.0000000e+00
  -4.6347376e+00   1.3302161e+01   2.0000000e+00
  -8.9022601e+00   1.2155957e+01   2.0000000e+00
  -5.2503157e+00   1.3091232e+01   2.0000000e+00
  -6.5747486e+00   1.3774720e+01   2.0000000e+00
  -8.2131845e+00   1.2203564e+01   2.0000000e+00
  -7.7210206e+00   1.4763045e+01   2.0000000e+00
  -7.0165570e+00   1.1679208e+01   2.0000000e+00
  -7.3375173e+00   1.4145231e+01   2.0000000e+00
  -6.4943697e+00   1.4442362e+01   2.0000000e+00
  -7.4264037e+00   9.8952111e+00   2.0000000e+00
  -8.0544470e+00   1.3066650e+01   2.0000000e+00
  -7.6714654e+00   1.4381506e+01   2.0000000e+00
  -8.9502488e+00   1.3265120e+01   2.0000000e+00
  -7.2583737e+00   9.5076902e+00   2.0000000e+00
  -4.4526784e+00   1.1607452e+01   2.0000000e+00
  -6.5203518e+00   1.3976053e+01   2.0000000e+00
  -7.6160835e+00   1.4336419e+01   2.0000000e+00
  -5.9648416e+00   1.1761697e+01   2.0000000e+00
  -5.9135687e+00   1.2646283e+01   2.0000000e+00
  -9.3081913e+00   1.3733748e+01   2.0000000e+00
  -4.5310734e+00   1.3600949e+01   2.0000000e+00
  -7.4715644e+00   1.1490719e+01   2.0000000e+00
  -6.8526023e+00   1.2020111e+01   2.0000000e+00
  -8.2011670e+00   1.2182984e+01   2.0000000e+00
  -9.1252576e+00   1.2709785e+01   2.0000000e+00
  -6.6015282e+00   1.3202329e+01   2.0000000e+00
  -6.5992433e+00   1.1651721e+01   2.0000000e+00
  -8.4878878e+00   1.1320109e+01   2.0000000e+00
  -7.3562355e+00   1.2012621e+01   2.0000000e+00
  -6.7689191e+00   1.6058695e+01   2.0000000e+00
  -8.1980458e+00   1.3316906e+01   2.0000000e+00
  -8.9292181e+00   1.2361991e+01   2.0000000e+00
  -6.2527172e+00   1.0233579e+01   2.0000000e+00
  -5.6282302e+00   1.4459498e+01   2.0000000e+00
  -6.3260117e+00   1.1946921e+01   2.0000000e+00
  -5.2224493e+00   1.3131097e+01   2.0000000e+00
  -7.7221962e+00   1.1246384e+01   2.0000000e+00
  -7.3408358e+00   1.3289821e+01   2.0000000e+00
  -5.6721612e+00   1.2147212e+01   2.0000000e+00
  -6.3898774e+00   1.1594849e+01   2.0000000e+00
  -8.4680678e+00   1.4453271e+01   2.0000000e+00
  -8.8087078e+00   1.4112056e+01   2.0000000e+00
  -5.3606358e+00   1.2360280e+01   2.0000000e+00
  -7.7007952e+00   1.1251594e+01   2.0000000e+00
  -7.7726185e+00   1.3952501e+01   2.0000000e+00
  -5.8712600e+00   1.2773296e+01   2.0000000e+00
  -8.7790607e+00   1.2410333e+01   2.0000000e+00
  -7.5604471e+00   1.2073071e+01   2.0000000e+00
  -7.6425781e+00   1.5321366e+01   2.0000000e+00
  -6.7194750e+00   1.2313900e+01   2.0000000e+00
  -4.3375488e+00   1.3246411e+01   2.0000000e+00
  -4.2237645e+00   1.4543198e+01   2.0000000e+00
  -1.0031959e+01   1.0745609e+01   2.0000000e+00
  -9.2707729e+00   1.1634716e+01   2.0000000e+00
  -6.7101635e+00   1.3319333e+01   2.0000000e+00
  -5.5153462e+00   1.2036054e+01   2.0000000e+00
  -5.5841953e+00   1.3161620e+01   2.0000000e+00
  -7.0598102e+00   1.3282058e+01   2.0000000e+00
  -5.5128717e+00   1.2536769e+01   2.0000000e+00
  -7.9816009e+00   1.2473821e+01   2.0000000e+00
  -5.0783638e+00   1.3883530e+01   2.0000000e+00
  -8.3231776e+00   1.3486022e+01   2.0000000e+00
  -8.1316209e+00   1.4956769e+01   2.0000000e+00
  -9.5159106e+00   1.0872332e+01   2.0000000e+00
  -7.4752558e+00   9.2420392e+00   3.0000000e+00
  -8.5073780e+00   7.7271507e+00   3.0000000e+00
  -5.3050684e+00   6.7286485e+00   3.0000000e+00
  -7.7086075e+00   9.1653538e+00   3.0000000e+00
  -7.0986180e+00   7.2380341e+00   3.0000000e+00
  -5.5321891e+00   7.9720942e+00   3.0000000e+00
  -1.0924266e+01   6.7983422e+00   3.0000000e+00
  -9.1370652e+00   5.6566262e+00   3.0000000e+00
  -9.0256707e+00   6.5053672e+00   3.0000000e+00
  -6.5763084e+00   5.0190989e+00   3.0000000e+00
  -9.3647510e+00   4.1425453e+00   3.0000000e+00
  -6.1337592e+00   4.8368322e+00   3.0000000e+00
  -9.1966159e+00   9.3835282e+00   3.0000000e+00
  -7.8948649e+00   9.2563427e+00   3.0000000e+00
  -8.1791856e+00   6.5813663e+00   3.0000000e+00
  -8.8102000e+00   4.7160471e+00   3.0000000e+00
  -8.2834123e+00   9.0716981e+00   3.0000000e+00
  -6.9024311e+00   7.9268930e+00   3.0000000e+00
  -9.9846814e+00   8.6140822e+00   3.0000000e+00
  -6.4382360e+00   8.5700998e+00   3.0000000e+00
  -9.3857927e+00   8.1445418e+00   3.0000000e+00
  -5.7758843e+00   9.3670614e+00   3.0000000e+00
  -7.7813928e+00   6.7025420e+00   3.0000000e+00
  -9.7886345e+00   7.1636871e+00   3.0000000e+00
  -8.3474999e+00   7.6228457e+00   3.0000000e+00
  -8.6278201e+00   7.2062757e+00   3.0000000e+00
  -6.9861432e+00   7.9994712e+00   3.0000000e+00
  -5.9293660e+00   8.1412296e+00   3.0000000e+00
  -7.2359222e+00   7.1207196e+00   3.0000000e+00
  -9.1218686e+00   7.3200296e+00   3.0000000e+00
  -1.0491410e+01   5.9858801e+00   3.0000000e+00
  -6.9290890e+00   6.2218011e+00   3.0000000e+00
  -7.0095009e+00   7.9556916e+00   3.0000000e+00
  -7.6447466e+00   6.5954608e+00   3.0000000e+00
  -7.2220807e+00   7.1910881e+00   3.0000000e+00
  -8.4668488e+00   8.6116596e+00   3.0000000e+00
  -6.4613493e+00   1.0442250e+01   3.0000000e+00
  -6.8246635e+00   7.3458673e+00   3.0000000e+00
  -1.1435360e+01   5.5386746e+00   3.0000000e+00
  -9.3452320e+00   6.0672522e+00   3.0000000e+00
  -7.1774872e+00   7.4128493e+00   3.0000000e+00
  -7.5514423e+00   7.1824202e+00   3.0000000e+00
  -8.3327062e+00   7.5351058e+00   3.0000000e+00
  -8.5139092e+00   4.3904801e+00   3.0000000e+00
  -9.4089606e+00   8.6451931e+00   3.0000000e+00
  -1.0319334e+01   9.1250925e+00   3.0000000e+00
  -8.5889552e+00   6.1773953e+00   3.0000000e+00
  -7.8690130e+00   6.5193843e+00   3.0000000e+00
  -6.6225915e+00   5.4830939e+00   3.0000000e+00
  -1.0864419e+01   7.9764722e+00   3.0000000e+00
  -9.4430783e+00   8.8522615e+00   3.0000000e+00
  -7.6779556e+00   6.6403065e+00   3.0000000e+00
  -7.5425762e+00   7.0735021e+00   3.0000000e+00
  -7.6288510e+00   7.4677281e+00   3.0000000e+00
  -7.8286319e+00   5.6334499e+00   3.0000000e+00
  -7.4859525e+00   6.7275063e+00   3.0000000e+00
  -9.5263148e+00   8.5086243e+00   3.0000000e+00
  -5.5951368e+00   8.6978578e+00   3.0000000e+00
  -7.5527018e+00   6.5996009e+00   3.0000000e+00
  -7.8465606e+00   7.1036078e+00   3.0000000e+00
  -7.5992260e+00   6.6752244e+00   3.0000000e+00
  -9.3853591e+00   7.3586224e+00   3.0000000e+00
  -9.2619202e+00   6.4002255e+00   3.0000000e+00
  -6.7928617e+00   6.3040837e+00   3.0000000e+00
  -7.7669077e+00   6.7039627e+00   3.0000000e+00
  -9.0442569e+00   7.0234414e+00   3.0000000e+00
  -8.3524452e+00   6.0925840e+00   3.0000000e+00
  -8.9346975e+00   8.8468123e+00   3.0000000e+00
  -7.2855997e+00   7.8611626e+00   3.0000000e+00
  -8.6554971e+00   6.6732248e+00   3.0000000e+00
  -1.0286835e+01   7.5864801e+00   3.0000000e+00
  -9.5864003e+00   8.4527829e+00   3.0000000e+00
  -7.9362403e+00   6.7612814e+00   3.0000000e+00
  -8.1827584e+00   7.3481153e+00   3.0000000e+00
  -9.2157605e+00   6.4180789e+00   3.0000000e+00
  -6.9209952e+00   4.1884957e+00   3.0000000e+00
  -7.0522201e+00   8.3712470e+00   3.0000000e+00
  -7.5732915e+00   7.9657510e+00   3.0000000e+00
  -7.5785248e+00   8.3083303e+00   3.0000000e+00
  -8.1924760e+00   5.6551905e+00   3.0000000e+00
  -8.5877627e+00   8.4129173e+00   3.0000000e+00
  -7.4666459e+00   6.2452773e+00   3.0000000e+00
  -6.3796395e+00   7.1624060e+00   3.0000000e+00
  -1.0091444e+01   7.5694508e+00   3.0000000e+00
  -6.6275833e+00   8.9887114e+00   3.0000000e+00
  -8.3063609e+00   5.9855003e+00   3.0000000e+00
  -9.9304922e+00   7.3900889e+00   3.0000000e+00
  -7.4232811e+00   8.0170346e+00   3.0000000e+00
  -8.6618564e+00   6.5747925e+00   3.0000000e+00
  -8.8688338e+00   7.1921065e+00   3.0000000e+00
  -8.7510597e+00   7.8748492e+00   3.0000000e+00
  -8.3007427e+00   6.0663080e+00   3.0000000e+00
  -7.8282344e+00   7.8932356e+00   3.0000000e+00
  -7.2280772e+00   8.9661211e+00   3.0000000e+00
  -6.8835742e+00   6.6521392e+00   3.0000000e+00
  -7.8126029e+00   7.7529642e+00   3.0000000e+00
  -9.6978073e+00   8.2887113e+00   3.0000000e+00
  -8.9662739e+00   9.0638274e+00   3.0000000e+00
  -6.0076565e+00   6.5410523e+00   3.0000000e+00
  -9.7547578e+00   6.2219822e+00   3.0000000e+00
  -4.8639195e+00   4.6909329e+00   4.0000000e+00
  -1.5000986e+00   5.5396344e+00   4.0000000e+00
  -2.3998486e+00   5.1504588e+00   4.0000000e+00
  -2.7002193e+00   5.6622738e+00   4.0000000e+00
  -6.1832491e+00   1.6685233e+00   4.0000000e+00
  -3.6295658e+00   4.6023274e+00   4.0000000e+00
  -1.5372333e+00   5.7643992e+00   4.0000000e+00
  -5.2492223e+00   5.6113608e+00   4.0000000e+00
  -4.7861325e-01   4.0606766e+00   4.0000000e+00
  -4.6608484e+00   7.9143570e+00   4.0000000e+00
  -3.9789602e+00   4.7329058e+00   4.0000000e+00
  -3.3395938e+00   4.1762808e+00   4.0000000e+00
  -4.6465524e-01   3.0694057e+00   4.0000000e+00
  -1.4565382e+00   6.1806752e+00   4.0000000e+00
  -1.8906419e+00   4.9281089e+00   4.0000000e+00
  -1.2690781e+00   3.5269654e+00   4.0000000e+00
  -3.1758271e+00   3.3522303e+00   4.0000000e+00
  -1.5197811e+00   5.1151332e+00   4.0000000e+00
  -1.7498511e+00   2.0247816e+00   4.0000000e+00
  -3.7089614e+00   3.0110917e+00   4.0000000e+00
  -4.9350522e+00   3.6799287e+00   4.0000000e+00
  -3.2394290e+00   4.9542492e+00   4.0000000e+00
  -1.6641848e+00   2.7836298e+00   4.0000000e+00
  -2.5698681e+00   3.5109959e+00   4.0000000e+00
  -2.3917634e+00   5.8046512e+00   4.0000000e+00
  -4.5129617e+00   4.0124453e+00   4.0000000e+00
  -2.2113725e+00   1.8132775e+00   4.0000000e+00
  -1.4514065e+00   4.4150932e+00   4.0000000e+00
   2.5200614e-01   5.0966852e+00   4.0000000e+00
  -1.8532353e+00   6.0016799e+00   4.0000000e+00
  -3.2740651e+00   5.5226539e+00   4.0000000e+00
  -3.0609055e+00   4.7637853e+00   4.0000000e+00
  -2.6823644e+00   3.6356152e+00   4.0000000e+00
  -4.1648449e+00   4.0050128e+00   4.0000000e+00
  -2.7293439e+00   4.0640479e+00   4.0000000e+00
  -2.8434202e+00   3.7251673e+00   4.0000000e+00
  -2.1314485e+00   4.9678134e+00   4.0000000e+00
  -1.7833042e+00   3.9757701e+00   4.0000000e+00
  -3.5373832e+00   6.0790870e+00   4.0000000e+00
  -3.0947505e+00   3.4573766e+00   4.0000000e+00
  -3.8561322e+00   3.8467121e+00   4.0000000e+00
  -2.8011464e+00   3.4977736e+00   4.0000000e+00
  -2.9927992e+00   2.4108939e+00   4.0000000e+00
  -3.7271906e+00   2.5441149e+00   4.0000000e+00
  -2.8318128e+00   5.1780533e+00   4.0000000e+00
  -3.6121148e+00   2.8484661e+00   4.0000000e+00
  -4.2333881e+00   4.7140718e+00   4.0000000e+00
  -2.5725140e+00   4.1864449e+00   4.0000000e+00
  -1.4250703e+00   2.0574256e+00   4.0000000e+00
  -1.1146987e+00   1.9537808e+00   4.0000000e+00
  -1.5391235e+00   4.3070792e+00   4.0000000e+00
  -3.5607480e+00   4.8577517e+00   4.0000000e+00
  -1.7155126e+00   3.6850431e+00   4.0000000e+00
  -1.7434240e+00   6.1761011e+00   4.0000000e+00
  -1.4595848e+00   5.8118835e+00   4.0000000e+00
  -4.0047964e+00   2.5538255e+00   4.0000000e+00
  -5.2102076e+00   5.2580859e+00   4.0000000e+00
  -3.9094815e+00   2.8649706e+00   4.0000000e+00
  -4.3970468e+00   3.7160512e+00   4.0000000e+00
  -3.5439526e+00   4.2904610e+00   4.0000000e+00
  -4.2348110e+00   3.6047935e+00   4.0000000e+00
  -2.6840133e+00   6.0908144e+00   4.0000000e+00
  -1.2976400e+00   3.5864814e+00   4.0000000e+00
  -8.6536632e-01   5.2961791e+00   4.0000000e+00
  -3.9583848e+00   3.2381795e+00   4.0000000e+00
  -3.2363583e+00   5.8533277e+00   4.0000000e+00
  -3.2270881e+00   5.6689273e+00   4.0000000e+00
  -3.0050402e+00   6.6870302e+00   4.0000000e+00
  -7.6090747e-01   1.5609158e+00   4.0000000e+00
  -1.7454682e+00   3.3493042e+00   4.0000000e+00
  -4.9691634e+00   3.1082674e+00   4.0000000e+00
  -1.3159114e+00   3.3823379e+00   4.0000000e+00
  -1.1401938e+00   4.4083831e+00   4.0000000e+00
  -2.1619706e+00   2.2904286e+00   4.0000000e+00
  -4.1808270e+00   3.6502149e+00   4.0000000e+00
  -3.2161814e+00   3.7493273e+00   4.0000000e+00
  -1.4376518e+00   3.0276846e+00   4.0000000e+00
  -2.0472116e+00   2.5680151e+00   4.0000000e+00
  -4.2951570e+00   4.2790974e+00   4.0000000e+00
  -3.6267357e-01   5.1569801e+00   4.0000000e+00
  -5.5906724e+00   3.1359421e+00   4.0000000e+00
  -3.8919580e+00   2.3929372e+00   4.0000000e+00
  -1.1919156e+00   4.0304484e+00   4.0000000e+00
  -4.8885080e+00   4.4041444e+00   4.0000000e+00
  -3.2545359e+00   2.6909295e+00   4.0000000e+00
  -2.2627682e+00   2.8300836e+00   4.0000000e+00
  -2.9110400e+00   3.0561200e+00   4.0000000e+00
  -5.1347898e+00   3.2556675e+00   4.0000000e+00
  -3.1354736e+00   4.5429914e+00   4.0000000e+00
  -2.0454218e+00   3.3564925e+00   4.0000000e+00
  -2.6149986e+00   3.4883797e+00   4.0000000e+00
  -2.7281278e+00   2.2108131e+00   4.0000000e+00
  -2.1562728e+00   3.8540670e+00   4.0000000e+00
  -3.0928040e+00   4.9574948e+00   4.0000000e+00
  -4.3670435e+00   5.0098003e+00   4.0000000e+00
  -4.2532109e+00   4.4006459e+00   4.0000000e+00
  -3.1705092e+00   3.4044084e+00   4.0000000e+00
  -2.0334044e+00   5.3080116e+00   4.0000000e+00
  -2.1973810e+00   4.2635923e+00   4.0000000e+00
  -3.0574771e+00   1.6081077e+00   4.0000000e+00
   1.1734645e+00   8.4187683e+00   5.0000000e+00
   3.9509256e+00   8.1606961e+00   5.0000000e+00
   4.0638591e-01   9.6933809e+00   5.0000000e+00
   1.4669635e+00   9.1294507e+00   5.0000000e+00
   1.1113214e+00   7.6465254e+00   5.0000000e+00
   2.9392093e-01   9.1223721e+00   5.0000000e+00
   2.1960488e+00   6.6753691e+00   5.0000000e+00
   7.6441818e-01   8.7507404e+00   5.0000000e+00
   4.9628367e-01   8.9232117e+00   5.0000000e+00
  -5.5027656e-01   9.1548101e+00   5.0000000e+00
   9.9665686e-01   7.5762409e+00   5.0000000e+00
   2.9548748e+00   7.0865166e+00   5.0000000e+00
   1.8481615e-01   1.0068180e+01   5.0000000e+00
   5.1197605e-01   8.8556350e+00   5.0000000e+00
   2.4102263e+00   8.5021002e+00   5.0000000e+00
   2.1899315e+00   7.3865779e+00   5.0000000e+00
   2.8187312e+00   9.1483409e+00   5.0000000e+00
   2.0862925e+00   5.5379662e+00   5.0000000e+00
   8.0753489e-01   7.3657102e+00   5.0000000e+00
   3.3329725e+00   9.4271905e+00   5.0000000e+00
   1.1349827e+00   1.0081786e+01   5.0000000e+00
   1.8938662e+00   8.9562774e+00   5.0000000e+00
  -1.2229606e+00   7.3283192e+00   5.0000000e+00
   6.8728980e-01   7.9683242e+00   5.0000000e+00
   2.0635554e+00   8.2358279e+00   5.0000000e+00
   3.5964287e-01   1.0335055e+01   5.0000000e+00
   2.5489598e+00   8.7530888e+00   5.0000000e+00
   3.2483208e+00   7.7725804e+00   5.0000000e+00
   1.5927873e+00   1.0086470e+01   5.0000000e+00
   3.3241918e+00   6.1642244e+00   5.0000000e+00
   4.3284034e+00   8.5388108e+00   5.0000000e+00
   9.7741320e-01   7.7977400e+00   5.0000000e+00
   9.6728677e-01   7.3407741e+00   5.0000000e+00
   2.9672653e+00   1.0504403e+01   5.0000000e+00
   3.2448907e+00   8.8736987e+00   5.0000000e+00
   2.7096474e+00   7.0032516e+00   5.0000000e+00
   3.6997633e+00   1.0253798e+01   5.0000000e+00
  -1.0793548e-01   7.1580229e+00   5.0000000e+00
   3.6381246e+00   7.9572245e+00   5.0000000e+00
   1.2310052e+00   5.1841943e+00   5.0000000e+00
   1.6229654e+00   7.4735390e+00   5.0000000e+00
   9.5396777e-01   6.1595816e+00   5.0000000e+00
   2.3005667e+00   1.1785538e+01   5.0000000e+00
   9.2101460e-01   8.0319844e+00   5.0000000e+00
   2.1562997e+00   7.1967749e+00   5.0000000e+00
   2.3619082e+00   8.1563704e+00   5.0000000e+00
   8.8254867e-01   8.0482485e+00   5.0000000e+00
   2.5174094e+00   6.9171903e+00   5.0000000e+00
   1.8113195e+00   8.2149043e+00   5.0000000e+00
   5.7386427e-01   9.7400503e+00   5.0000000e+00
   1.1794319e-02   9.0847528e+00   5.0000000e+00
   4.7400800e-01   7.8510337e+00   5.0000000e+00
   3.0432604e+00   8.4829864e+00   5.0000000e+00
  -7.6475325e-01   7.0609032e+00   5.0000000e+00
   4.5584480e-01   6.9185747e+00   5.0000000e+00
   2.1701319e+00   8.3665218e+00   5.0000000e+00
  -9.6045131e-02   1.2435405e+01   5.0000000e+00
   1.7713015e+00   5.6946068e+00   5.0000000e+00
   1.3784431e+00   7.3308329e+00   5.0000000e+00
   5.6513548e-01   6.9922855e+00   5.0000000e+00
   3.2831849e+00   8.5744769e+00   5.0000000e+00
   1.6048244e+00   7.9511609e+00   5.0000000e+00
   1.6791910e+00   7.5736842e+00   5.0000000e+00
   2.8441025e-01   5.7172675e+00   5.0000000e+00
   1.8143877e+00   7.5527835e+00   5.0000000e+00
   4.6743968e-01   7.7397114e+00   5.0000000e+00
   2.1682766e+00   8.1083519e+00   5.0000000e+00
   2.5431445e+00   8.8836671e+00   5.0000000e+00
   2.6258331e+00   8.3504032e+00   5.0000000e+00
   6.3182626e-01   1.0882402e+01   5.0000000e+00
   3.8053487e+00   6.5310684e+00   5.0000000e+00
   1.8634664e+00   5.7843957e+00   5.0000000e+00
   3.1383536e+00   8.1826417e+00   5.0000000e+00
   3.5686421e-01   4.3540155e+00   5.0000000e+00
  -1.2886828e+00   1.0846713e+01   5.0000000e+00
  -7.0804497e-01   9.0788203e+00   5.0000000e+00
   6.9028240e-01   8.5510850e+00   5.0000000e+00
   3.0484502e+00   8.8929204e+00   5.0000000e+00
   3.0835883e+00   8.5633846e+00   5.0000000e+00
   1.0346883e+00   1.0765416e+01   5.0000000e+00
   3.0937674e+00   6.4524079e+00   5.0000000e+00
   1.2672070e-01   9.1039938e+00   5.0000000e+00
   2.0970715e+00   8.4397254e+00   5.0000000e+00
   1.9126849e+00   7.2902357e+00   5.0000000e+00
   2.0197826e+00   1.0705524e+01   5.0000000e+00
   1.3931516e+00   6.5071867e+00   5.0000000e+00
  -1.4395373e+00   9.0630118e+00   5.0000000e+00
   1.7398883e+00   8.5102679e+00   5.0000000e+00
   1.6682244e+00   6.3738593e+00   5.0000000e+00
   3.1123882e+00   1.0769476e+01   5.0000000e+00
   1.9907199e+00   8.6381145e+00   5.0000000e+00
   1.7765890e+00   8.8010000e+00   5.0000000e+00
   1.1960547e+00   6.7875805e+00   5.0000000e+00
   2.2304216e+00   7.8857077e+00   5.0000000e+00
   1.7516676e+00   6.3794222e+00   5.0000000e+00
   2.7376800e+00   8.3341078e+00   5.0000000e+00
   8.9994779e-01   6.2923794e+00   5.0000000e+00
   2.2964024e+00   8.2284795e+00   5.0000000e+00
   2.3707309e+00   8.4282321e+00   5.0000000e+00
   3.6213961e+00   7.6749140e+00   5.0000000e+00
